%YAML:1.0
---
HandOdometry:
   - !!opencv-matrix
      rows: 4
      cols: 4
      dt: f
      data: [ 1., 0., 0., 0., 0., 1., 0., 0., 0., 0., 1., 0., 0., 0., 0.,
          1. ]
   - !!opencv-matrix
      rows: 4
      cols: 4
      dt: f
      data: [ 1., 7.62539858e-05, 3.06577422e-05, -8.67985364e-08,
          -7.62527197e-05, 1., -3.19045503e-05, -1.42597855e-07,
          -3.06603033e-05, 3.19023384e-05, 1., -8.20159912e-05, 0., 0.,
          0., 1. ]
   - !!opencv-matrix
      rows: 4
      cols: 4
      dt: f
      data: [ 9.99999940e-01, 1.23542384e-04, -3.55975935e-05,
          -1.73597982e-07, -1.23541977e-04, 1., -1.29605178e-06,
          -2.85195711e-07, 3.55974771e-05, 1.30070839e-06,
          1.00000012e+00, -1.64031982e-04, 0., 0., 0., 1. ]
   - !!opencv-matrix
      rows: 4
      cols: 4
      dt: f
      data: [ 1., 1.78048489e-04, -8.56546685e-05, -2.60398338e-07,
          -1.78049711e-04, 1., -2.27742130e-05, -4.27791747e-07,
          8.56505940e-05, 2.27894634e-05, 1., -2.46047042e-04, 0., 0.,
          0., 1. ]
   - !!opencv-matrix
      rows: 4
      cols: 4
      dt: f
      data: [ 1., 1.78048489e-04, -8.56546685e-05, -2.60398338e-07,
          -1.78049711e-04, 1., -2.27742130e-05, -4.27791747e-07,
          8.56505940e-05, 2.27894634e-05, 1., -2.46047042e-04, 0., 0.,
          0., 1. ]
   - !!opencv-matrix
      rows: 4
      cols: 4
      dt: f
      data: [ 9.99999940e-01, 2.71398516e-04, -6.25861576e-05,
          -4.31979061e-07, -2.71400728e-04, 1., -3.48410103e-05,
          -7.09669621e-07, 6.25766115e-05, 3.48581234e-05, 1.,
          -4.08171676e-04, 0., 0., 0., 1. ]
   - !!opencv-matrix
      rows: 4
      cols: 4
      dt: f
      data: [ 9.99999940e-01, 3.45884269e-04, 3.07084993e-05,
          -5.17768967e-07, -3.45881796e-04, 1., -7.19326781e-05,
          -8.50608558e-07, -3.07332957e-05, 7.19223171e-05,
          1.00000012e+00, -4.89233993e-04, 0., 0., 0., 1. ]
   - !!opencv-matrix
      rows: 4
      cols: 4
      dt: f
      data: [ 9.99999940e-01, 3.45600507e-04, 6.92300964e-05,
          -6.01541615e-07, -3.45599023e-04, 1., -1.21708727e-05,
          -9.88231477e-07, -6.92342874e-05, 1.21472403e-05, 1.,
          -5.68388961e-04, 0., 0., 0., 1. ]
   - !!opencv-matrix
      rows: 4
      cols: 4
      dt: f
      data: [ 9.99999940e-01, 2.17734443e-04, 1.32375921e-04,
          -6.86322892e-07, -2.17727254e-04, 9.99999940e-01,
          -5.31116966e-05, -1.12751331e-06, -1.32387504e-04,
          5.30831749e-05, 1., -6.48496673e-04, 0., 0., 0., 1. ]
   - !!opencv-matrix
      rows: 4
      cols: 4
      dt: f
      data: [ 9.99999940e-01, 2.95550446e-04, 1.48131512e-04,
          -7.70094630e-07, -2.95535487e-04, 1., -9.77438176e-05,
          -1.26513623e-06, -1.48160383e-04, 9.77002783e-05, 1.,
          -7.27651641e-04, 0., 0., 0., 1. ]
   - !!opencv-matrix
      rows: 4
      cols: 4
      dt: f
      data: [ 1., 1.43953264e-04, 1.48465158e-04, -9.39656275e-07,
          -1.43952086e-04, 1., -3.06905713e-06, -1.54369809e-06,
          -1.48465624e-04, 3.04810237e-06, 1., -8.87868926e-04, 0., 0.,
          0., 1. ]
   - !!opencv-matrix
      rows: 4
      cols: 4
      dt: f
      data: [ 1., 1.19507029e-04, 1.36561575e-04, -1.02544709e-06,
          -1.19513425e-04, 1., 5.47213713e-05, -1.68463703e-06,
          -1.36554998e-04, -5.47375530e-05, 1., -9.68931243e-04, 0., 0.,
          0., 1. ]
   - !!opencv-matrix
      rows: 4
      cols: 4
      dt: f
      data: [ 1., 1.33662499e-04, 1.02322258e-04, 2.63528273e-06,
          -1.33668247e-04, 1., 6.21585641e-05, 4.32931665e-06,
          -1.02313876e-04, -6.21719519e-05, 1., 2.49003898e-03, 0., 0.,
          0., 1. ]
   - !!opencv-matrix
      rows: 4
      cols: 4
      dt: f
      data: [ 9.99999344e-01, -6.92227972e-04, 9.64145001e-04,
          2.44250714e-06, 6.91711786e-04, 9.99999642e-01, 5.36161126e-04,
          4.01261786e-06, -9.64515842e-04, -5.35493717e-04,
          9.99999464e-01, 2.30788719e-03, 0., 0., 0., 1. ]
   - !!opencv-matrix
      rows: 4
      cols: 4
      dt: f
      data: [ 9.99999285e-01, -7.51402520e-04, 9.65249434e-04,
          2.37993027e-06, 7.50848907e-04, 9.99999583e-01, 5.74605772e-04,
          3.90981586e-06, -9.65680811e-04, -5.73880388e-04,
          9.99999464e-01, 2.24875938e-03, 0., 0., 0., 1. ]
   - !!opencv-matrix
      rows: 4
      cols: 4
      dt: f
      data: [ 9.99999285e-01, -7.59105955e-04, 9.72234004e-04,
          2.31634476e-06, 7.58592912e-04, 9.99999583e-01, 5.28849661e-04,
          3.80535494e-06, -9.72635171e-04, -5.28111705e-04,
          9.99999464e-01, 2.18867790e-03, 0., 0., 0., 1. ]
   - !!opencv-matrix
      rows: 4
      cols: 4
      dt: f
      data: [ 9.99999225e-01, -8.12846411e-04, 9.90892411e-04,
          2.25275835e-06, 8.12289480e-04, 9.99999523e-01, 5.63106732e-04,
          3.70089401e-06, -9.91349807e-04, -5.62301255e-04,
          9.99999344e-01, 2.12859735e-03, 0., 0., 0., 1. ]
   - !!opencv-matrix
      rows: 4
      cols: 4
      dt: f
      data: [ 9.99999106e-01, -8.01467570e-04, 1.09388924e-03,
          2.12457780e-06, 8.00841837e-04, 9.99999523e-01, 5.72465360e-04,
          3.49031507e-06, -1.09434756e-03, -5.71588636e-04,
          9.99999285e-01, 2.00748071e-03, 0., 0., 0., 1. ]
   - !!opencv-matrix
      rows: 4
      cols: 4
      dt: f
      data: [ 9.99998987e-01, -8.03533767e-04, 1.16192352e-03,
          2.06099139e-06, 8.02820839e-04, 9.99999523e-01, 6.14385703e-04,
          3.38585414e-06, -1.16241653e-03, -6.13452168e-04,
          9.99999166e-01, 1.94739923e-03, 0., 0., 0., 1. ]
   - !!opencv-matrix
      rows: 4
      cols: 4
      dt: f
      data: [ 9.99999046e-01, -7.17736490e-04, 1.18278118e-03,
          1.99740589e-06, 7.16997427e-04, 9.99999523e-01, 6.25256798e-04,
          3.28139322e-06, -1.18322950e-03, -6.24407898e-04,
          9.99999106e-01, 1.88731775e-03, 0., 0., 0., 1. ]
   - !!opencv-matrix
      rows: 4
      cols: 4
      dt: f
      data: [ 9.99999225e-01, -6.47699751e-04, 1.13821041e-03,
          1.93281085e-06, 6.47067383e-04, 9.99999642e-01, 5.56688639e-04,
          3.17527520e-06, -1.13857072e-03, -5.55951614e-04,
          9.99999225e-01, 1.82628259e-03, 0., 0., 0., 1. ]
   - !!opencv-matrix
      rows: 4
      cols: 4
      dt: f
      data: [ 9.99999225e-01, -7.61199975e-04, 9.76976589e-04,
          1.80261031e-06, 7.60581752e-04, 9.99999523e-01, 6.33511227e-04,
          2.96137841e-06, -9.77458316e-04, -6.32767566e-04,
          9.99999404e-01, 1.70325860e-03, 0., 0., 0., 1. ]
   - !!opencv-matrix
      rows: 4
      cols: 4
      dt: f
      data: [ 9.99999404e-01, -7.57980102e-04, 8.61324370e-04,
          1.73801527e-06, 7.57453847e-04, 9.99999523e-01, 6.11169846e-04,
          2.85526039e-06, -8.61787295e-04, -6.10516989e-04,
          9.99999464e-01, 1.64222438e-03, 0., 0., 0., 1. ]
   - !!opencv-matrix
      rows: 4
      cols: 4
      dt: f
      data: [ 9.99999285e-01, -8.00666341e-04, 8.94070079e-04,
          1.67342023e-06, 8.00141017e-04, 9.99999583e-01, 5.89179108e-04,
          2.74914055e-06, -8.94541270e-04, -5.88463154e-04,
          9.99999464e-01, 1.58118922e-03, 0., 0., 0., 1. ]
   - !!opencv-matrix
      rows: 4
      cols: 4
      dt: f
      data: [ 9.99999464e-01, -7.49192492e-04, 7.01160519e-04,
          1.47862556e-06, 7.48744525e-04, 9.99999583e-01, 6.40446437e-04,
          2.42912574e-06, -7.01640151e-04, -6.39920938e-04,
          9.99999583e-01, 1.39713008e-03, 0., 0., 0., 1. ]
   - !!opencv-matrix
      rows: 4
      cols: 4
      dt: f
      data: [ 9.99999464e-01, -7.92503706e-04, 6.42409781e-04,
          1.41302098e-06, 7.92139384e-04, 9.99999523e-01, 5.67825628e-04,
          2.32134880e-06, -6.42859493e-04, -5.67316427e-04,
          9.99999702e-01, 1.33514125e-03, 0., 0., 0., 1. ]
   - !!opencv-matrix
      rows: 4
      cols: 4
      dt: f
      data: [ 9.99999464e-01, -8.31148995e-04, 6.46704983e-04,
          3.04909554e-06, 8.30798235e-04, 9.99999523e-01, 5.43636619e-04,
          5.00914030e-06, -6.47156616e-04, -5.43098897e-04,
          9.99999702e-01, 2.88104452e-03, 0., 0., 0., 1. ]
   - !!opencv-matrix
      rows: 4
      cols: 4
      dt: f
      data: [ 9.99998569e-01, -1.65588455e-03, 4.49919666e-04,
          2.99358453e-06, 1.65526895e-03, 9.99997735e-01, 1.36535952e-03,
          4.91794526e-06, -4.52179520e-04, -1.36461260e-03,
          9.99999046e-01, 2.82859243e-03, 0., 0., 0., 1. ]
   - !!opencv-matrix
      rows: 4
      cols: 4
      dt: f
      data: [ 9.99998510e-01, -1.66633993e-03, 4.52048145e-04,
          2.93807261e-06, 1.66571839e-03, 9.99997675e-01, 1.37325877e-03,
          4.82674841e-06, -4.54335357e-04, -1.37250358e-03,
          9.99998987e-01, 2.77614035e-03, 0., 0., 0., 1. ]
   - !!opencv-matrix
      rows: 4
      cols: 4
      dt: f
      data: [ 9.99998510e-01, -1.66633993e-03, 4.52048145e-04,
          2.93807261e-06, 1.66571839e-03, 9.99997675e-01, 1.37325877e-03,
          4.82674841e-06, -4.54335357e-04, -1.37250358e-03,
          9.99998987e-01, 2.77614035e-03, 0., 0., 0., 1. ]
   - !!opencv-matrix
      rows: 4
      cols: 4
      dt: f
      data: [ 9.99998510e-01, -1.60839537e-03, 5.89675736e-04,
          2.82704968e-06, 1.60757219e-03, 9.99997795e-01, 1.39549037e-03,
          4.64435834e-06, -5.91919117e-04, -1.39454042e-03,
          9.99998868e-01, 2.67123617e-03, 0., 0., 0., 1. ]
   - !!opencv-matrix
      rows: 4
      cols: 4
      dt: f
      data: [ 9.99998629e-01, -1.58686202e-03, 5.44110255e-04,
          2.77052914e-06, 1.58611266e-03, 9.99997854e-01, 1.37539208e-03,
          4.55150257e-06, -5.46291762e-04, -1.37452723e-03,
          9.99998987e-01, 2.61783041e-03, 0., 0., 0., 1. ]
   - !!opencv-matrix
      rows: 4
      cols: 4
      dt: f
      data: [ 9.99998629e-01, -1.58345711e-03, 5.54606610e-04,
          2.60399520e-06, 1.58276584e-03, 9.99997973e-01, 1.24473241e-03,
          4.27791565e-06, -5.56576531e-04, -1.24385278e-03,
          9.99999106e-01, 2.46047508e-03, 0., 0., 0., 1. ]
   - !!opencv-matrix
      rows: 4
      cols: 4
      dt: f
      data: [ 9.99998510e-01, -1.61501952e-03, 5.83720161e-04,
          2.54747374e-06, 1.61424070e-03, 9.99997854e-01, 1.33435405e-03,
          4.18506170e-06, -5.85873902e-04, -1.33340969e-03,
          9.99998987e-01, 2.40706932e-03, 0., 0., 0., 1. ]
   - !!opencv-matrix
      rows: 4
      cols: 4
      dt: f
      data: [ 9.99998510e-01, -1.62422901e-03, 6.05012756e-04,
          2.49196273e-06, 1.62345835e-03, 9.99997914e-01, 1.27340597e-03,
          4.09386666e-06, -6.07079885e-04, -1.27242168e-03,
          9.99999046e-01, 2.35461723e-03, 0., 0., 0., 1. ]
   - !!opencv-matrix
      rows: 4
      cols: 4
      dt: f
      data: [ 9.99998569e-01, -1.64066255e-03, 5.43934933e-04,
          2.43746035e-06, 1.63997593e-03, 9.99997914e-01, 1.26085221e-03,
          4.00432873e-06, -5.46002411e-04, -1.25995826e-03,
          9.99999106e-01, 2.30311882e-03, 0., 0., 0., 1. ]
   - !!opencv-matrix
      rows: 4
      cols: 4
      dt: f
      data: [ 9.99998391e-01, -1.73693430e-03, 5.12104947e-04,
          2.32643742e-06, 1.73628773e-03, 9.99997735e-01, 1.26211229e-03,
          3.82193684e-06, -5.14296058e-04, -1.26122101e-03,
          9.99999166e-01, 2.19821464e-03, 0., 0., 0., 1. ]
   - !!opencv-matrix
      rows: 4
      cols: 4
      dt: f
      data: [ 9.99998450e-01, -1.68981904e-03, 5.25497715e-04,
          2.27193505e-06, 1.68915954e-03, 9.99997795e-01, 1.25320163e-03,
          3.73239891e-06, -5.27614204e-04, -1.25231198e-03,
          9.99999166e-01, 2.14671623e-03, 0., 0., 0., 1. ]
   - !!opencv-matrix
      rows: 4
      cols: 4
      dt: f
      data: [ 9.99998391e-01, -1.69411465e-03, 5.41210349e-04,
          2.21743267e-06, 1.69344386e-03, 9.99997854e-01, 1.23909046e-03,
          3.64286097e-06, -5.43308328e-04, -1.23817194e-03,
          9.99999166e-01, 2.09521875e-03, 0., 0., 0., 1. ]
   - !!opencv-matrix
      rows: 4
      cols: 4
      dt: f
      data: [ 9.99998450e-01, -1.68484147e-03, 5.39441709e-04,
          2.16393983e-06, 1.68417511e-03, 9.99997854e-01, 1.23337063e-03,
          3.55498196e-06, -5.41518442e-04, -1.23246014e-03,
          9.99999166e-01, 2.04467401e-03, 0., 0., 0., 1. ]
   - !!opencv-matrix
      rows: 4
      cols: 4
      dt: f
      data: [ 9.99998271e-01, -1.81822386e-03, 5.74889942e-04,
          2.05594461e-06, 1.81750453e-03, 9.99997616e-01, 1.25026423e-03,
          3.37756319e-06, -5.77161903e-04, -1.24921708e-03,
          9.99999106e-01, 1.94263086e-03, 0., 0., 0., 1. ]
   - !!opencv-matrix
      rows: 4
      cols: 4
      dt: f
      data: [ 9.99998093e-01, -1.89570303e-03, 5.28138597e-04,
          2.00144314e-06, 1.89501734e-03, 9.99997377e-01, 1.29778381e-03,
          3.28802525e-06, -5.30597463e-04, -1.29678042e-03,
          9.99999046e-01, 1.89113244e-03, 0., 0., 0., 1. ]
   - !!opencv-matrix
      rows: 4
      cols: 4
      dt: f
      data: [ 9.99998212e-01, -1.85824884e-03, 4.57454415e-04,
          -1.29574654e-03, 1.85763894e-03, 9.99997377e-01,
          1.33093703e-03, -8.39708280e-03, -4.59926436e-04,
          -1.33008463e-03, 9.99999106e-01, 2.44081505e-02, 0., 0., 0.,
          1. ]
   - !!opencv-matrix
      rows: 4
      cols: 4
      dt: f
      data: [ 9.99996424e-01, -2.58534355e-03, 6.48662448e-04,
          -1.29567087e-03, 2.58501736e-03, 9.99996603e-01,
          5.05506876e-04, -8.39695893e-03, -6.49967231e-04,
          -5.03828167e-04, 9.99999702e-01, 2.44796760e-02, 0., 0., 0.,
          1. ]
   - !!opencv-matrix
      rows: 4
      cols: 4
      dt: f
      data: [ 9.99996305e-01, -2.65133567e-03, 6.64856285e-04,
          -1.29551941e-03, 2.65091751e-03, 9.99996305e-01,
          6.29713526e-04, -8.39671027e-03, -6.66523585e-04,
          -6.27948670e-04, 9.99999583e-01, 2.46227272e-02, 0., 0., 0.,
          1. ]
   - !!opencv-matrix
      rows: 4
      cols: 4
      dt: f
      data: [ 9.99996245e-01, -2.65225093e-03, 7.12070614e-04,
          -1.29544374e-03, 2.65176757e-03, 9.99996305e-01,
          6.79856050e-04, -8.39658547e-03, -7.13871093e-04,
          -6.77965116e-04, 9.99999583e-01, 2.46942528e-02, 0., 0., 0.,
          1. ]
   - !!opencv-matrix
      rows: 4
      cols: 4
      dt: f
      data: [ 9.99996305e-01, -2.61453190e-03, 6.98469463e-04,
          -1.29536598e-03, 2.61407439e-03, 9.99996424e-01,
          6.55128504e-04, -8.39645788e-03, -7.00179779e-04,
          -6.53300202e-04, 9.99999583e-01, 2.47676857e-02, 0., 0., 0.,
          1. ]
   - !!opencv-matrix
      rows: 4
      cols: 4
      dt: f
      data: [ 9.99996424e-01, -2.56064185e-03, 8.39127984e-04,
          -1.29513384e-03, 2.56008445e-03, 9.99996483e-01,
          6.65070838e-04, -8.39607697e-03, -8.40828056e-04,
          -6.62919832e-04, 9.99999464e-01, 2.49870308e-02, 0., 0., 0.,
          1. ]
   - !!opencv-matrix
      rows: 4
      cols: 4
      dt: f
      data: [ 9.99996245e-01, -2.63625989e-03, 8.00055685e-04,
          -1.29505619e-03, 2.63571925e-03, 9.99996305e-01,
          6.77159987e-04, -8.39594938e-03, -8.01837887e-04,
          -6.75048330e-04, 9.99999523e-01, 2.50604637e-02, 0., 0., 0.,
          1. ]
   - !!opencv-matrix
      rows: 4
      cols: 4
      dt: f
      data: [ 9.99996006e-01, -2.71741115e-03, 8.04530689e-04,
          -1.29497948e-03, 2.71688751e-03, 9.99996185e-01,
          6.51938259e-04, -8.39582272e-03, -8.06299155e-04,
          -6.49749651e-04, 9.99999523e-01, 2.51329411e-02, 0., 0., 0.,
          1. ]
   - !!opencv-matrix
      rows: 4
      cols: 4
      dt: f
      data: [ 9.99995887e-01, -2.75646220e-03, 8.09754012e-04,
          -1.29490369e-03, 2.75594345e-03, 9.99996006e-01,
          6.41668565e-04, -8.39569885e-03, -8.11519567e-04,
          -6.39434205e-04, 9.99999464e-01, 2.52044667e-02, 0., 0., 0.,
          1. ]
   - !!opencv-matrix
      rows: 4
      cols: 4
      dt: f
      data: [ 9.99995768e-01, -2.80484348e-03, 7.86679913e-04,
          -1.29475130e-03, 2.80442042e-03, 9.99995947e-01,
          5.39026107e-04, -8.39544833e-03, -7.88188656e-04,
          -5.36817708e-04, 9.99999583e-01, 2.53484715e-02, 0., 0., 0.,
          1. ]
   - !!opencv-matrix
      rows: 4
      cols: 4
      dt: f
      data: [ 9.99995768e-01, -2.80587119e-03, 7.81449606e-04,
          -1.29467668e-03, 2.80537759e-03, 9.99995828e-01,
          6.32376177e-04, -8.39532539e-03, -7.83220807e-04,
          -6.30181050e-04, 9.99999523e-01, 2.54190434e-02, 0., 0., 0.,
          1. ]
   - !!opencv-matrix
      rows: 4
      cols: 4
      dt: f
      data: [ 9.99995828e-01, -2.79822759e-03, 7.58960261e-04,
          -1.29460194e-03, 2.79776030e-03, 9.99995947e-01,
          6.16781763e-04, -8.39520246e-03, -7.60683091e-04,
          -6.14655670e-04, 9.99999583e-01, 2.54896153e-02, 0., 0., 0.,
          1. ]
   - !!opencv-matrix
      rows: 4
      cols: 4
      dt: f
      data: [ 9.99995828e-01, -2.78998562e-03, 7.54298875e-04,
          -1.29452732e-03, 2.78954627e-03, 9.99995947e-01,
          5.83918416e-04, -8.39508045e-03, -7.55924964e-04,
          -5.81811648e-04, 9.99999583e-01, 2.55601872e-02, 0., 0., 0.,
          1. ]
   - !!opencv-matrix
      rows: 4
      cols: 4
      dt: f
      data: [ 9.99995708e-01, -2.79413629e-03, 8.80677951e-04,
          -1.29437784e-03, 2.79363734e-03, 9.99995947e-01,
          5.67716896e-04, -8.39483459e-03, -8.82260792e-04,
          -5.65254013e-04, 9.99999464e-01, 2.57013291e-02, 0., 0., 0.,
          1. ]
   - !!opencv-matrix
      rows: 4
      cols: 4
      dt: f
      data: [ 9.99995768e-01, -2.79989769e-03, 8.27078009e-04,
          -1.29430322e-03, 2.79940641e-03, 9.99995887e-01,
          5.95579157e-04, -8.39471165e-03, -8.28742341e-04,
          -5.93261095e-04, 9.99999523e-01, 2.57719010e-02, 0., 0., 0.,
          1. ]
   - !!opencv-matrix
      rows: 4
      cols: 4
      dt: f
      data: [ 9.99995649e-01, -2.84482958e-03, 8.31012905e-04,
          -1.30043272e-03, 2.84429011e-03, 9.99995768e-01,
          6.50753267e-04, -8.40478204e-03, -8.32860707e-04,
          -6.48386660e-04, 9.99999523e-01, 1.99802499e-02, 0., 0., 0.,
          1. ]
   - !!opencv-matrix
      rows: 4
      cols: 4
      dt: f
      data: [ 9.99993145e-01, -3.69405607e-03, 9.87991807e-05,
          -1.30039232e-03, 3.69407958e-03, 9.99993205e-01,
          -2.29901983e-04, -8.40471499e-03, -9.79493489e-05,
          2.30265316e-04, 1., 2.00183969e-02, 0., 0., 0., 1. ]
   - !!opencv-matrix
      rows: 4
      cols: 4
      dt: f
      data: [ 9.99993384e-01, -3.64239141e-03, 1.28462736e-04,
          -1.30031153e-03, 3.64242983e-03, 9.99993324e-01,
          -2.96689337e-04, -8.40458274e-03, -1.27381179e-04,
          2.97155697e-04, 1., 2.00946890e-02, 0., 0., 0., 1. ]
   - !!opencv-matrix
      rows: 4
      cols: 4
      dt: f
      data: [ 9.99993503e-01, -3.59450164e-03, 1.73216918e-04,
          -1.30027125e-03, 3.59454867e-03, 9.99993503e-01,
          -2.67971191e-04, -8.40451661e-03, -1.72252650e-04,
          2.68592383e-04, 1., 2.01328360e-02, 0., 0., 0., 1. ]
   - !!opencv-matrix
      rows: 4
      cols: 4
      dt: f
      data: [ 9.99993622e-01, -3.56219755e-03, 9.25055356e-05,
          -1.30023086e-03, 3.56221455e-03, 9.99993682e-01,
          -1.75659428e-04, -8.40445049e-03, -9.18793376e-05,
          1.75987952e-04, 1., 2.01709829e-02, 0., 0., 0., 1. ]
   - !!opencv-matrix
      rows: 4
      cols: 4
      dt: f
      data: [ 9.99993265e-01, -3.66525864e-03, 1.17975578e-04,
          -1.30018848e-03, 3.66526679e-03, 9.99993324e-01,
          -5.69591066e-05, -8.40438064e-03, -1.17765914e-04,
          5.73914731e-05, 1.00000012e+00, 2.02110372e-02, 0., 0., 0., 1. ]
   - !!opencv-matrix
      rows: 4
      cols: 4
      dt: f
      data: [ 9.99993563e-01, -3.59698525e-03, 1.46168750e-05,
          -1.30010466e-03, 3.59698595e-03, 9.99993563e-01,
          -1.49091939e-05, -8.40424281e-03, -1.45630911e-05,
          1.49618136e-05, 1., 2.02901922e-02, 0., 0., 0., 1. ]
   - !!opencv-matrix
      rows: 4
      cols: 4
      dt: f
      data: [ 9.99993682e-01, -3.57360789e-03, 1.85676618e-05,
          -1.30006124e-03, 3.57361045e-03, 9.99993622e-01,
          -1.09804561e-04, -8.40417109e-03, -1.81751093e-05,
          1.09870336e-04, 1., 2.03312002e-02, 0., 0., 0., 1. ]
   - !!opencv-matrix
      rows: 4
      cols: 4
      dt: f
      data: [ 9.99993920e-01, -3.47345159e-03, 8.33146041e-05,
          -1.30001886e-03, 3.47346324e-03, 9.99994040e-01,
          -1.37975207e-04, -8.40410218e-03, -8.28349730e-05,
          1.38263800e-04, 1., 2.03712545e-02, 0., 0., 0., 1. ]
   - !!opencv-matrix
      rows: 4
      cols: 4
      dt: f
      data: [ 9.99994040e-01, -3.45304562e-03, 2.90146563e-05,
          -1.29997649e-03, 3.45305237e-03, 9.99993980e-01,
          -2.25490541e-04, -8.40403233e-03, -2.82358378e-05,
          2.25589611e-04, 1., 2.04113089e-02, 0., 0., 0., 1. ]
   - !!opencv-matrix
      rows: 4
      cols: 4
      dt: f
      data: [ 9.99994040e-01, -3.45753063e-03, 6.72743190e-05,
          -1.29989069e-03, 3.45754647e-03, 9.99994040e-01,
          -2.27301964e-04, -8.40389170e-03, -6.64880499e-05,
          2.27533397e-04, 1., 2.04923712e-02, 0., 0., 0., 1. ]
   - !!opencv-matrix
      rows: 4
      cols: 4
      dt: f
      data: [ 9.99993920e-01, -3.50649236e-03, 7.04933191e-05,
          -1.29984727e-03, 3.50650959e-03, 9.99993861e-01,
          -2.39128363e-04, -8.40381999e-03, -6.96543138e-05,
          2.39374232e-04, 1., 2.05333792e-02, 0., 0., 0., 1. ]
   - !!opencv-matrix
      rows: 4
      cols: 4
      dt: f
      data: [ 9.99993742e-01, -3.54767870e-03, 1.62152573e-05,
          -1.29980384e-03, 3.54768313e-03, 9.99993682e-01,
          -1.98893948e-04, -8.40374827e-03, -1.55095477e-05,
          1.98950525e-04, 1., 2.05743872e-02, 0., 0., 0., 1. ]
   - !!opencv-matrix
      rows: 4
      cols: 4
      dt: f
      data: [ 9.99993920e-01, -3.48997163e-03, 4.23764577e-05,
          -1.29976054e-03, 3.48997978e-03, 9.99993920e-01,
          -1.83637021e-04, -8.40367749e-03, -4.17354750e-05,
          1.83783937e-04, 1., 2.06153952e-02, 0., 0., 0., 1. ]
   - !!opencv-matrix
      rows: 4
      cols: 4
      dt: f
      data: [ 9.99993503e-01, -3.60484398e-03, 1.09544082e-04,
          -1.29967264e-03, 3.60486191e-03, 9.99993563e-01,
          -1.51733286e-04, -8.40353314e-03, -1.08996523e-04,
          1.52127235e-04, 1., 2.06983648e-02, 0., 0., 0., 1. ]
   - !!opencv-matrix
      rows: 4
      cols: 4
      dt: f
      data: [ 9.99993801e-01, -3.53774405e-03, 4.97801229e-05,
          -1.29962934e-03, 3.53775406e-03, 9.99993742e-01,
          -2.00358685e-04, -8.40346143e-03, -4.90711536e-05,
          2.00533541e-04, 1., 2.07393728e-02, 0., 0., 0., 1. ]
   - !!opencv-matrix
      rows: 4
      cols: 4
      dt: f
      data: [ 9.99993682e-01, -3.54890316e-03, 8.93673860e-05,
          -1.29440916e-03, 3.54892085e-03, 9.99993742e-01,
          -1.86455902e-04, -8.39488581e-03, -8.87052156e-05,
          1.86771969e-04, 1., 2.56717652e-02, 0., 0., 0., 1. ]
   - !!opencv-matrix
      rows: 4
      cols: 4
      dt: f
      data: [ 9.99992430e-01, -3.80286644e-03, 8.28931690e-04,
          -1.29433651e-03, 3.80220963e-03, 9.99992490e-01,
          7.92896026e-04, -8.39476660e-03, -8.31940735e-04,
          -7.89737969e-04, 9.99999404e-01, 2.57404298e-02, 0., 0., 0.,
          1. ]
   - !!opencv-matrix
      rows: 4
      cols: 4
      dt: f
      data: [ 9.99992311e-01, -3.82422539e-03, 8.66164220e-04,
          -1.29418913e-03, 3.82353319e-03, 9.99992371e-01,
          7.99537345e-04, -8.39452446e-03, -8.69215233e-04,
          -7.96219334e-04, 9.99999344e-01, 2.58796662e-02, 0., 0., 0.,
          1. ]
   - !!opencv-matrix
      rows: 4
      cols: 4
      dt: f
      data: [ 9.99992192e-01, -3.87953827e-03, 7.66886806e-04,
          -1.29411451e-03, 3.87893384e-03, 9.99992192e-01,
          7.89333542e-04, -8.39440152e-03, -7.69942999e-04,
          -7.86352437e-04, 9.99999464e-01, 2.59502381e-02, 0., 0., 0.,
          1. ]
   - !!opencv-matrix
      rows: 4
      cols: 4
      dt: f
      data: [ 9.99992669e-01, -3.76596069e-03, 7.08122854e-04,
          -1.29403977e-03, 3.76536837e-03, 9.99992549e-01,
          8.36200838e-04, -8.39427952e-03, -7.11266650e-04,
          -8.33528233e-04, 9.99999464e-01, 2.60208100e-02, 0., 0., 0.,
          1. ]
   - !!opencv-matrix
      rows: 4
      cols: 4
      dt: f
      data: [ 9.99992788e-01, -3.72563768e-03, 7.23181409e-04,
          -1.29396410e-03, 3.72502906e-03, 9.99992728e-01,
          8.42026027e-04, -8.39415472e-03, -7.26313330e-04,
          -8.39325949e-04, 9.99999404e-01, 2.60923356e-02, 0., 0., 0.,
          1. ]
   - !!opencv-matrix
      rows: 4
      cols: 4
      dt: f
      data: [ 9.99992967e-01, -3.65330721e-03, 8.17553198e-04,
          -1.29381067e-03, 3.65257752e-03, 9.99992967e-01,
          8.93640739e-04, -8.39390326e-03, -8.20812129e-04,
          -8.90648051e-04, 9.99999344e-01, 2.62372941e-02, 0., 0., 0.,
          1. ]
   - !!opencv-matrix
      rows: 4
      cols: 4
      dt: f
      data: [ 9.99992967e-01, -3.65286227e-03, 8.51109507e-04,
          -1.29373395e-03, 3.65213677e-03, 9.99993026e-01,
          8.53861449e-04, -8.39377660e-03, -8.54222686e-04,
          -8.50746990e-04, 9.99999285e-01, 2.63097733e-02, 0., 0., 0.,
          1. ]
   - !!opencv-matrix
      rows: 4
      cols: 4
      dt: f
      data: [ 9.99993265e-01, -3.57626006e-03, 8.57022766e-04,
          -1.29365723e-03, 3.57562816e-03, 9.99993384e-01,
          7.38624716e-04, -8.39365087e-03, -8.59658583e-04,
          -7.35555077e-04, 9.99999404e-01, 2.63822526e-02, 0., 0., 0.,
          1. ]
   - !!opencv-matrix
      rows: 4
      cols: 4
      dt: f
      data: [ 9.99993265e-01, -3.56075005e-03, 8.69234849e-04,
          -1.29358051e-03, 3.56012746e-03, 9.99993384e-01,
          7.17340969e-04, -8.39352515e-03, -8.71783530e-04,
          -7.14241411e-04, 9.99999404e-01, 2.64547318e-02, 0., 0., 0.,
          1. ]
   - !!opencv-matrix
      rows: 4
      cols: 4
      dt: f
      data: [ 9.99993205e-01, -3.57237714e-03, 9.44606902e-04,
          -1.29342813e-03, 3.57164699e-03, 9.99993324e-01,
          7.73971551e-04, -8.39327462e-03, -9.47365479e-04,
          -7.70592422e-04, 9.99999285e-01, 2.65987366e-02, 0., 0., 0.,
          1. ]
   - !!opencv-matrix
      rows: 4
      cols: 4
      dt: f
      data: [ 9.99993742e-01, -3.42565868e-03, 8.81752057e-04,
          -1.29335141e-03, 3.42496694e-03, 9.99993861e-01,
          7.84509408e-04, -8.39314889e-03, -8.84434150e-04,
          -7.81484472e-04, 9.99999344e-01, 2.66712159e-02, 0., 0., 0.,
          1. ]
   - !!opencv-matrix
      rows: 4
      cols: 4
      dt: f
      data: [ 9.99993742e-01, -3.43775004e-03, 8.53176287e-04,
          -1.29327574e-03, 3.43706738e-03, 9.99993742e-01,
          8.00779206e-04, -8.39302409e-03, -8.55923863e-04,
          -7.97841640e-04, 9.99999344e-01, 2.67427415e-02, 0., 0., 0.,
          1. ]
   - !!opencv-matrix
      rows: 4
      cols: 4
      dt: f
      data: [ 9.99993801e-01, -3.43542639e-03, 7.93846848e-04,
          -1.29304966e-03, 3.43467318e-03, 9.99993682e-01,
          9.48765082e-04, -8.39265250e-03, -7.97101296e-04,
          -9.46032465e-04, 9.99999285e-01, 2.69563645e-02, 0., 0., 0.,
          1. ]
   - !!opencv-matrix
      rows: 4
      cols: 4
      dt: f
      data: [ 9.99993742e-01, -3.45776789e-03, 7.56747031e-04,
          -1.29297597e-03, 3.45704146e-03, 9.99993622e-01,
          9.59728844e-04, -8.39253142e-03, -7.60060619e-04,
          -9.57106473e-04, 9.99999285e-01, 2.70259809e-02, 0., 0., 0.,
          1. ]
   - !!opencv-matrix
      rows: 4
      cols: 4
      dt: f
      data: [ 9.99993861e-01, -3.44688795e-03, 7.31429318e-04,
          -1.29251275e-03, 3.44616640e-03, 9.99993622e-01,
          9.86197498e-04, -8.39177053e-03, -7.34823989e-04,
          -9.83670703e-04, 9.99999285e-01, 2.74637155e-02, 0., 0., 0.,
          1. ]
   - !!opencv-matrix
      rows: 4
      cols: 4
      dt: f
      data: [ 9.99994874e-01, -3.20114731e-03, 2.99739535e-04,
          -1.29243499e-03, 3.20094312e-03, 9.99994695e-01,
          6.81715435e-04, -8.39164294e-03, -3.01920343e-04,
          -6.80752215e-04, 9.99999762e-01, 2.75371484e-02, 0., 0., 0.,
          1. ]
   - !!opencv-matrix
      rows: 4
      cols: 4
      dt: f
      data: [ 9.99994993e-01, -3.15709552e-03, 2.85546819e-04,
          -1.29235827e-03, 3.15689272e-03, 9.99994755e-01,
          7.10108667e-04, -8.39151721e-03, -2.87787290e-04,
          -7.09203421e-04, 9.99999762e-01, 2.76096277e-02, 0., 0., 0.,
          1. ]
   - !!opencv-matrix
      rows: 4
      cols: 4
      dt: f
      data: [ 9.99994993e-01, -3.15709552e-03, 2.85546819e-04,
          -1.29235827e-03, 3.15689272e-03, 9.99994755e-01,
          7.10108667e-04, -8.39151721e-03, -2.87787290e-04,
          -7.09203421e-04, 9.99999762e-01, 2.76096277e-02, 0., 0., 0.,
          1. ]
   - !!opencv-matrix
      rows: 4
      cols: 4
      dt: f
      data: [ 9.99995172e-01, -3.10639990e-03, 3.87951382e-04,
          -1.29220285e-03, 3.10614868e-03, 9.99994993e-01,
          6.48060231e-04, -8.39126110e-03, -3.89962806e-04,
          -6.46851957e-04, 9.99999762e-01, 2.77564954e-02, 0., 0., 0.,
          1. ]
   - !!opencv-matrix
      rows: 4
      cols: 4
      dt: f
      data: [ 9.99994934e-01, -3.17053939e-03, 3.21865198e-04,
          -1.29212509e-03, 3.17034544e-03, 9.99994814e-01,
          6.03486667e-04, -8.39113351e-03, -3.23776912e-04,
          -6.02463027e-04, 9.99999821e-01, 2.78299283e-02, 0., 0., 0.,
          1. ]
   - !!opencv-matrix
      rows: 4
      cols: 4
      dt: f
      data: [ 9.99995112e-01, -3.11399437e-03, 2.67683878e-04,
          -1.29189598e-03, 3.11386469e-03, 9.99994993e-01,
          4.86113597e-04, -8.39075726e-03, -2.69196345e-04,
          -4.85277385e-04, 9.99999940e-01, 2.80464124e-02, 0., 0., 0.,
          1. ]
   - !!opencv-matrix
      rows: 4
      cols: 4
      dt: f
      data: [ 9.99995112e-01, -3.12846596e-03, 2.41221220e-04,
          -1.29181927e-03, 3.12835863e-03, 9.99995053e-01,
          4.48468374e-04, -8.39063153e-03, -2.42623151e-04,
          -4.47711442e-04, 9.99999881e-01, 2.81188898e-02, 0., 0., 0.,
          1. ]
   - !!opencv-matrix
      rows: 4
      cols: 4
      dt: f
      data: [ 9.99994934e-01, -3.17572453e-03, 2.39481335e-04,
          -1.29174266e-03, 3.17563326e-03, 9.99994874e-01,
          3.85935302e-04, -8.39050580e-03, -2.40705733e-04,
          -3.85172665e-04, 9.99999940e-01, 2.81913690e-02, 0., 0., 0.,
          1. ]
   - !!opencv-matrix
      rows: 4
      cols: 4
      dt: f
      data: [ 9.99994993e-01, -3.14627192e-03, 3.11148528e-04,
          -1.29166490e-03, 3.14614712e-03, 9.99995053e-01,
          4.02808771e-04, -8.39037728e-03, -3.12414253e-04,
          -4.01827856e-04, 9.99999881e-01, 2.82648019e-02, 0., 0., 0.,
          1. ]
   - !!opencv-matrix
      rows: 4
      cols: 4
      dt: f
      data: [ 9.99995232e-01, -3.08123697e-03, 3.97206750e-04,
          -1.29150948e-03, 3.08106677e-03, 9.99995172e-01,
          4.29292675e-04, -8.39012209e-03, -3.98527598e-04,
          -4.28066705e-04, 9.99999881e-01, 2.84116678e-02, 0., 0., 0.,
          1. ]
   - !!opencv-matrix
      rows: 4
      cols: 4
      dt: f
      data: [ 9.99995470e-01, -2.97139655e-03, 3.77619581e-04,
          -1.29142974e-03, 2.97121261e-03, 9.99995470e-01,
          4.89953090e-04, -8.38999171e-03, -3.79073783e-04,
          -4.88828751e-04, 9.99999881e-01, 2.84870081e-02, 0., 0., 0.,
          1. ]
   - !!opencv-matrix
      rows: 4
      cols: 4
      dt: f
      data: [ 9.99995708e-01, -2.90684169e-03, 3.99910670e-04,
          -1.29135000e-03, 2.90664192e-03, 9.99995649e-01,
          5.02175302e-04, -8.38986039e-03, -4.01368656e-04,
          -5.01010451e-04, 9.99999881e-01, 2.85623483e-02, 0., 0., 0.,
          1. ]
   - !!opencv-matrix
      rows: 4
      cols: 4
      dt: f
      data: [ 9.99995887e-01, -2.84276437e-03, 4.26034909e-04,
          -1.29127130e-03, 2.84254784e-03, 9.99995887e-01,
          5.09744743e-04, -8.38973094e-03, -4.27482300e-04,
          -5.08531346e-04, 9.99999821e-01, 2.86367349e-02, 0., 0., 0.,
          1. ]
   - !!opencv-matrix
      rows: 4
      cols: 4
      dt: f
      data: [ 9.99995649e-01, -2.91203870e-03, 5.24736766e-04,
          -1.29111181e-03, 2.91180145e-03, 9.99995649e-01,
          4.53928136e-04, -8.38946924e-03, -5.26056450e-04,
          -4.52397973e-04, 9.99999821e-01, 2.87874155e-02, 0., 0., 0.,
          1. ]
   - !!opencv-matrix
      rows: 4
      cols: 4
      dt: f
      data: [ 9.99995649e-01, -2.90871342e-03, 5.74046862e-04,
          -1.29103102e-03, 2.90848711e-03, 9.99995708e-01,
          3.96777643e-04, -8.38933606e-03, -5.75198559e-04,
          -3.95106152e-04, 9.99999821e-01, 2.88637094e-02, 0., 0., 0.,
          1. ]
   - !!opencv-matrix
      rows: 4
      cols: 4
      dt: f
      data: [ 9.99995708e-01, -2.89063621e-03, 5.42373222e-04,
          -1.29132473e-03, 2.89041596e-03, 9.99995768e-01,
          4.06960724e-04, -8.38981941e-03, -5.43547329e-04,
          -4.05391096e-04, 9.99999821e-01, 2.85861902e-02, 0., 0., 0.,
          1. ]
   - !!opencv-matrix
      rows: 4
      cols: 4
      dt: f
      data: [ 9.99996483e-01, -2.49235309e-03, 9.02543252e-04,
          -1.29124708e-03, 2.49136309e-03, 9.99996305e-01,
          1.09774247e-03, -8.38969089e-03, -9.05275927e-04,
          -1.09548995e-03, 9.99998987e-01, 2.86596231e-02, 0., 0., 0.,
          1. ]
   - !!opencv-matrix
      rows: 4
      cols: 4
      dt: f
      data: [ 9.99996603e-01, -2.45430623e-03, 9.29336296e-04,
          -1.29109062e-03, 2.45331600e-03, 9.99996483e-01,
          1.06531521e-03, -8.38943385e-03, -9.31947725e-04,
          -1.06303138e-03, 9.99999046e-01, 2.88074426e-02, 0., 0., 0.,
          1. ]
   - !!opencv-matrix
      rows: 4
      cols: 4
      dt: f
      data: [ 9.99996662e-01, -2.42093625e-03, 8.95576901e-04,
          -1.29101286e-03, 2.41996930e-03, 9.99996483e-01,
          1.08037214e-03, -8.38930625e-03, -8.98189261e-04,
          -1.07820123e-03, 9.99999046e-01, 2.88808756e-02, 0., 0., 0.,
          1. ]
   - !!opencv-matrix
      rows: 4
      cols: 4
      dt: f
      data: [ 9.99996781e-01, -2.38971296e-03, 9.07005800e-04,
          -1.29093416e-03, 2.38869037e-03, 9.99996543e-01,
          1.12781732e-03, -8.38917680e-03, -9.09697847e-04,
          -1.12564699e-03, 9.99999046e-01, 2.89552622e-02, 0., 0., 0.,
          1. ]
   - !!opencv-matrix
      rows: 4
      cols: 4
      dt: f
      data: [ 9.99996722e-01, -2.38112081e-03, 9.80949961e-04,
          -1.29085639e-03, 2.37997295e-03, 9.99996543e-01,
          1.17033068e-03, -8.38904921e-03, -9.83733218e-04,
          -1.16799190e-03, 9.99998868e-01, 2.90286951e-02, 0., 0., 0.,
          1. ]
   - !!opencv-matrix
      rows: 4
      cols: 4
      dt: f
      data: [ 9.99996483e-01, -2.41229404e-03, 1.10355078e-03,
          -1.29069900e-03, 2.41105189e-03, 9.99996483e-01,
          1.12575782e-03, -8.38879123e-03, -1.10626267e-03,
          -1.12309284e-03, 9.99998808e-01, 2.91774664e-02, 0., 0., 0.,
          1. ]
   - !!opencv-matrix
      rows: 4
      cols: 4
      dt: f
      data: [ 9.99996364e-01, -2.45709927e-03, 1.13364530e-03,
          -1.29062124e-03, 2.45572370e-03, 9.99996245e-01,
          1.21370563e-03, -8.38866364e-03, -1.13662332e-03,
          -1.21091702e-03, 9.99998689e-01, 2.92508993e-02, 0., 0., 0.,
          1. ]
   - !!opencv-matrix
      rows: 4
      cols: 4
      dt: f
      data: [ 9.99996543e-01, -2.37615849e-03, 1.12981908e-03,
          -1.29054254e-03, 2.37477035e-03, 9.99996424e-01,
          1.22904964e-03, -8.38853419e-03, -1.13273552e-03,
          -1.22636207e-03, 9.99998689e-01, 2.93252859e-02, 0., 0., 0.,
          1. ]
   - !!opencv-matrix
      rows: 4
      cols: 4
      dt: f
      data: [ 9.99996603e-01, -2.35135388e-03, 1.16354495e-03,
          -1.29046384e-03, 2.34991149e-03, 9.99996543e-01,
          1.23990048e-03, -8.38840473e-03, -1.16645626e-03,
          -1.23716192e-03, 9.99998629e-01, 2.93996725e-02, 0., 0., 0.,
          1. ]
   - !!opencv-matrix
      rows: 4
      cols: 4
      dt: f
      data: [ 9.99996483e-01, -2.40585534e-03, 1.10978878e-03,
          -1.29030540e-03, 2.40448280e-03, 9.99996364e-01,
          1.23681407e-03, -8.38814396e-03, -1.11276039e-03,
          -1.23414118e-03, 9.99998689e-01, 2.95493994e-02, 0., 0., 0.,
          1. ]
   - !!opencv-matrix
      rows: 4
      cols: 4
      dt: f
      data: [ 9.99996185e-01, -2.49393471e-03, 1.16429268e-03,
          -1.29022659e-03, 2.49250513e-03, 9.99996126e-01,
          1.22804102e-03, -8.38801451e-03, -1.16735091e-03,
          -1.22513436e-03, 9.99998629e-01, 2.96237860e-02, 0., 0., 0.,
          1. ]
   - !!opencv-matrix
      rows: 4
      cols: 4
      dt: f
      data: [ 9.99996126e-01, -2.52297358e-03, 1.18784956e-03,
          -1.29014696e-03, 2.52145901e-03, 9.99996066e-01,
          1.27585733e-03, -8.38788413e-03, -1.19106378e-03,
          -1.27285719e-03, 9.99998510e-01, 2.96991263e-02, 0., 0., 0.,
          1. ]
   - !!opencv-matrix
      rows: 4
      cols: 4
      dt: f
      data: [ 9.99996066e-01, -2.54845480e-03, 1.18398736e-03,
          -1.29006815e-03, 2.54688202e-03, 9.99995887e-01,
          1.32846914e-03, -8.38775467e-03, -1.18736818e-03,
          -1.32544839e-03, 9.99998450e-01, 2.97735129e-02, 0., 0., 0.,
          1. ]
   - !!opencv-matrix
      rows: 4
      cols: 4
      dt: f
      data: [ 9.99996424e-01, -2.41286494e-03, 1.18347467e-03,
          -1.28983404e-03, 2.41126120e-03, 9.99996185e-01,
          1.35448354e-03, -8.38737004e-03, -1.18673837e-03,
          -1.35162484e-03, 9.99998450e-01, 2.99947634e-02, 0., 0., 0.,
          1. ]
   - !!opencv-matrix
      rows: 4
      cols: 4
      dt: f
      data: [ 9.99996424e-01, -2.42659915e-03, 1.17509614e-03,
          -1.29710906e-03, 2.42502452e-03, 9.99996245e-01,
          1.34032103e-03, -8.39932170e-03, -1.17834413e-03,
          -1.33746641e-03, 9.99998510e-01, 2.31206939e-02, 0., 0., 0.,
          1. ]
   - !!opencv-matrix
      rows: 4
      cols: 4
      dt: f
      data: [ 9.99998808e-01, -1.55625283e-03, 1.40226271e-04,
          -1.29707076e-03, 1.55595352e-03, 9.99996603e-01,
          2.11536721e-03, -8.39925837e-03, -1.43517798e-04,
          -2.11514626e-03, 9.99997795e-01, 2.31569335e-02, 0., 0., 0.,
          1. ]
   - !!opencv-matrix
      rows: 4
      cols: 4
      dt: f
      data: [ 9.99998927e-01, -1.45957142e-03, 1.32411486e-04,
          -1.29699300e-03, 1.45927747e-03, 9.99996543e-01,
          2.19742395e-03, -8.39913078e-03, -1.35618495e-04,
          -2.19722837e-03, 9.99997616e-01, 2.32303664e-02, 0., 0., 0.,
          1. ]
   - !!opencv-matrix
      rows: 4
      cols: 4
      dt: f
      data: [ 9.99998808e-01, -1.54162711e-03, 1.54760375e-04,
          -1.29695470e-03, 1.54128065e-03, 9.99996364e-01,
          2.21598288e-03, -8.39906745e-03, -1.58176059e-04,
          -2.21574167e-03, 9.99997556e-01, 2.32666060e-02, 0., 0., 0.,
          1. ]
   - !!opencv-matrix
      rows: 4
      cols: 4
      dt: f
      data: [ 9.99998808e-01, -1.54162711e-03, 1.54760375e-04,
          -1.29695470e-03, 1.54128065e-03, 9.99996364e-01,
          2.21598288e-03, -8.39906745e-03, -1.58176059e-04,
          -2.21574167e-03, 9.99997556e-01, 2.32666060e-02, 0., 0., 0.,
          1. ]
   - !!opencv-matrix
      rows: 4
      cols: 4
      dt: f
      data: [ 9.99998927e-01, -1.45339710e-03, 1.48791354e-04,
          -1.29687891e-03, 1.45305693e-03, 9.99996424e-01,
          2.26426544e-03, -8.39894358e-03, -1.52081775e-04,
          -2.26404681e-03, 9.99997497e-01, 2.33381297e-02, 0., 0., 0.,
          1. ]
   - !!opencv-matrix
      rows: 4
      cols: 4
      dt: f
      data: [ 9.99998987e-01, -1.45432807e-03, 1.07450294e-04,
