%YAML:1.0
---
HandOdometry:
   - !!opencv-matrix
      rows: 4
      cols: 4
      dt: f
      data: [ 1., 0., 0., 0., 0., 1., 0., 0., 0., 0., 1., 0., 0., 0., 0.,
          1. ]
   - !!opencv-matrix
      rows: 4
      cols: 4
      dt: f
      data: [ 9.99997318e-01, -2.32181163e-03, -1.47250481e-04,
          2.02581406e-01, 2.32181791e-03, 9.99997318e-01, 1.32997520e-05,
          -2.89332867e-03, 1.47218350e-04, -1.36415474e-05, 1.,
          1.20382011e-03, 0., 0., 0., 1. ]
   - !!opencv-matrix
      rows: 4
      cols: 4
      dt: f
      data: [ 9.99981046e-01, -6.14492130e-03, -3.93460970e-04,
          5.26975632e-01, 6.14496972e-03, 9.99981105e-01, 1.20905228e-04,
          -7.39133358e-03, 3.92710324e-04, -1.23319682e-04,
          9.99999940e-01, 3.13094258e-03, 0., 0., 0., 1. ]
   - !!opencv-matrix
      rows: 4
      cols: 4
      dt: f
      data: [ 9.99981046e-01, -6.14492130e-03, -3.93460970e-04,
          5.26975632e-01, 6.14496972e-03, 9.99981105e-01, 1.20905228e-04,
          -7.39133358e-03, 3.92710324e-04, -1.23319682e-04,
          9.99999940e-01, 3.13094258e-03, 0., 0., 0., 1. ]
   - !!opencv-matrix
      rows: 4
      cols: 4
      dt: f
      data: [ 9.99948442e-01, -1.01421801e-02, -6.09226525e-04,
          8.48312378e-01, 1.01425853e-02, 9.99948263e-01, 6.64144289e-04,
          -1.01267099e-02, 6.02459535e-04, -6.70289155e-04,
          9.99999583e-01, 1.50328577e-02, 0., 0., 0., 1. ]
   - !!opencv-matrix
      rows: 4
      cols: 4
      dt: f
      data: [ 9.99920249e-01, -1.26032010e-02, -7.81776849e-04,
          1.04942322e+00, 1.26041500e-02, 9.99919832e-01, 1.21593988e-03,
          -9.71734524e-03, 7.66389538e-04, -1.22569641e-03,
          9.99998987e-01, 1.62140429e-02, 0., 0., 0., 1. ]
   - !!opencv-matrix
      rows: 4
      cols: 4
      dt: f
      data: [ 9.99920249e-01, -1.26032010e-02, -7.81776849e-04,
          1.04942322e+00, 1.26041500e-02, 9.99919832e-01, 1.21593988e-03,
          -9.71734524e-03, 7.66389538e-04, -1.22569641e-03,
          9.99998987e-01, 1.62140429e-02, 0., 0., 0., 1. ]
   - !!opencv-matrix
      rows: 4
      cols: 4
      dt: f
      data: [ 9.99856174e-01, -1.69473365e-02, -6.63680024e-04,
          1.37081528e+00, 1.69487949e-02, 9.99853790e-01, 2.25234637e-03,
          -1.24951601e-02, 6.25411980e-04, -2.26327102e-03,
          9.99997199e-01, 1.81162059e-02, 0., 0., 0., 1. ]
   - !!opencv-matrix
      rows: 4
      cols: 4
      dt: f
      data: [ 9.99806464e-01, -1.96692832e-02, -5.39910514e-04,
          1.57254982e+00, 1.96705572e-02, 9.99803543e-01, 2.46091350e-03,
          -1.41991377e-02, 4.91399784e-04, -2.47105700e-03,
          9.99996841e-01, 1.93100125e-02, 0., 0., 0., 1. ]
   - !!opencv-matrix
      rows: 4
      cols: 4
      dt: f
      data: [ 9.99720216e-01, -2.36473661e-02, -4.66790050e-04,
          1.89162064e+00, 2.36485172e-02, 9.99716818e-01, 2.64087040e-03,
          -1.24843121e-02, 4.04207967e-04, -2.65117013e-03,
          9.99996424e-01, 2.11794823e-02, 0., 0., 0., 1. ]
   - !!opencv-matrix
      rows: 4
      cols: 4
      dt: f
      data: [ 9.99655724e-01, -2.62296963e-02, -7.15633854e-04,
          2.09057999e+00, 2.62317210e-02, 9.99651432e-01, 2.97994958e-03,
          -1.15441084e-02, 6.37220684e-04, -2.99769593e-03,
          9.99995351e-01, 2.23457515e-02, 0., 0., 0., 1. ]
   - !!opencv-matrix
      rows: 4
      cols: 4
      dt: f
      data: [ 9.99655724e-01, -2.62296963e-02, -7.15633854e-04,
          2.09057999e+00, 2.62317210e-02, 9.99651432e-01, 2.97994958e-03,
          -1.15441084e-02, 6.37220684e-04, -2.99769593e-03,
          9.99995351e-01, 2.23457515e-02, 0., 0., 0., 1. ]
   - !!opencv-matrix
      rows: 4
      cols: 4
      dt: f
      data: [ 9.99537826e-01, -3.03824935e-02, -1.00329751e-03,
          2.40636826e+00, 3.03852614e-02, 9.99534070e-01, 2.87028914e-03,
          -8.99052620e-03, 9.15623270e-04, -2.89944792e-03,
          9.99995410e-01, 3.41926068e-02, 0., 0., 0., 1. ]
   - !!opencv-matrix
      rows: 4
      cols: 4
      dt: f
      data: [ 9.99458432e-01, -3.28941718e-02, -9.71295405e-04,
          2.60340118e+00, 3.28970216e-02, 9.99454021e-01, 3.07558384e-03,
          -6.59537315e-03, 8.69596377e-04, -3.10587045e-03,
          9.99994755e-01, 3.53413671e-02, 0., 0., 0., 1. ]
   - !!opencv-matrix
      rows: 4
      cols: 4
      dt: f
      data: [ 9.99319792e-01, -3.68703529e-02, -7.37316441e-04,
          2.91754532e+00, 3.68727222e-02, 9.99313831e-01, 3.50529351e-03,
          -1.70528889e-03, 6.07569702e-04, -3.53009603e-03,
          9.99993563e-01, 3.71683687e-02, 0., 0., 0., 1. ]
   - !!opencv-matrix
      rows: 4
      cols: 4
      dt: f
      data: [ 9.99232948e-01, -3.91546637e-02, -6.08428847e-04,
          3.11157990e+00, 3.91567200e-02, 9.99225736e-01, 3.83644039e-03,
          2.41029263e-03, 4.57743183e-04, -3.85732204e-03,
          9.99992430e-01, 3.82922143e-02, 0., 0., 0., 1. ]
   - !!opencv-matrix
      rows: 4
      cols: 4
      dt: f
      data: [ 9.99232948e-01, -3.91546637e-02, -6.08428847e-04,
          3.11157990e+00, 3.91567200e-02, 9.99225736e-01, 3.83644039e-03,
          2.41029263e-03, 4.57743183e-04, -3.85732204e-03,
          9.99992430e-01, 3.82922143e-02, 0., 0., 0., 1. ]
   - !!opencv-matrix
      rows: 4
      cols: 4
      dt: f
      data: [ 9.99143720e-01, -4.13693823e-02, -6.97624870e-04,
          3.29755783e+00, 4.13718112e-02, 9.99136150e-01, 3.91427241e-03,
          1.65009499e-03, 5.35091385e-04, -3.93978273e-03,
          9.99992132e-01, 3.93893570e-02, 0., 0., 0., 1. ]
   - !!opencv-matrix
      rows: 4
      cols: 4
      dt: f
      data: [ 9.98999357e-01, -4.47172970e-02, -8.03515781e-04,
          3.58703613e+00, 4.47201468e-02, 9.98991609e-01, 3.97927035e-03,
          -1.13022327e-03, 6.24762848e-04, -4.01122216e-03,
          9.99991775e-01, 3.11035514e-02, 0., 0., 0., 1. ]
   - !!opencv-matrix
      rows: 4
      cols: 4
      dt: f
      data: [ 9.98905122e-01, -4.67745624e-02, -8.69167969e-04,
          3.77392197e+00, 4.67778631e-02, 9.98896122e-01, 4.28365963e-03,
          1.80590153e-03, 6.67842571e-04, -4.31962730e-03,
          9.99990463e-01, 3.21903527e-02, 0., 0., 0., 1. ]
   - !!opencv-matrix
      rows: 4
      cols: 4
      dt: f
      data: [ 9.98905122e-01, -4.67745624e-02, -8.69167969e-04,
          3.77392197e+00, 4.67778631e-02, 9.98896122e-01, 4.28365963e-03,
          1.80590153e-03, 6.67842571e-04, -4.31962730e-03,
          9.99990463e-01, 3.21903527e-02, 0., 0., 0., 1. ]
   - !!opencv-matrix
      rows: 4
      cols: 4
      dt: f
      data: [ 9.98740971e-01, -5.01559712e-02, -9.31340735e-04,
          4.07469177e+00, 5.01599126e-02, 9.98729467e-01, 4.83924616e-03,
          8.03315639e-03, 6.87439926e-04, -4.87986906e-03,
          9.99987841e-01, 3.39330286e-02, 0., 0., 0., 1. ]
   - !!opencv-matrix
      rows: 4
      cols: 4
      dt: f
      data: [ 9.98638213e-01, -5.21597564e-02, -1.07731577e-03,
          4.26090240e+00, 5.21647409e-02, 9.98624504e-01, 5.27853984e-03,
          1.31250620e-02, 8.00506677e-04, -5.32754883e-03,
          9.99985456e-01, 4.50069755e-02, 0., 0., 0., 1. ]
   - !!opencv-matrix
      rows: 4
      cols: 4
      dt: f
      data: [ 9.98460710e-01, -5.54534197e-02, -1.04977749e-03,
          4.55736542e+00, 5.54585122e-02, 9.98444855e-01, 5.68066211e-03,
          2.04139948e-02, 7.33132474e-04, -5.73013723e-03,
          9.99983311e-01, 4.67198044e-02, 0., 0., 0., 1. ]
   - !!opencv-matrix
      rows: 4
      cols: 4
      dt: f
      data: [ 9.98346150e-01, -5.74747473e-02, -1.24775199e-03,
          4.74017334e+00, 5.74807115e-02, 9.98331845e-01, 5.43446466e-03,
          2.53359079e-02, 9.33326315e-04, -5.49719902e-03,
          9.99984443e-01, 4.77741808e-02, 0., 0., 0., 1. ]
   - !!opencv-matrix
      rows: 4
      cols: 4
      dt: f
      data: [ 9.98346150e-01, -5.74747473e-02, -1.24775199e-03,
          4.74017334e+00, 5.74807115e-02, 9.98331845e-01, 5.43446466e-03,
          2.53359079e-02, 9.33326315e-04, -5.49719902e-03,
          9.99984443e-01, 4.77741808e-02, 0., 0., 0., 1. ]
   - !!opencv-matrix
      rows: 4
      cols: 4
      dt: f
      data: [ 9.98151481e-01, -6.07498102e-02, -1.77220255e-03,
          5.03255844e+00, 6.07585423e-02, 9.98138011e-01, 5.38300909e-03,
          3.46107483e-02, 1.44188618e-03, -5.48073556e-03,
          9.99983907e-01, 4.94546443e-02, 0., 0., 0., 1. ]
   - !!opencv-matrix
      rows: 4
      cols: 4
      dt: f
      data: [ 9.98025835e-01, -6.27688840e-02, -2.14272784e-03,
          5.21412277e+00, 6.27806634e-02, 9.98009503e-01, 5.96274016e-03,
          3.88315916e-02, 1.76418782e-03, -6.08548988e-03,
          9.99979913e-01, 4.05043811e-02, 0., 0., 0., 1. ]
   - !!opencv-matrix
      rows: 4
      cols: 4
      dt: f
      data: [ 9.97805953e-01, -6.61603659e-02, -2.49163364e-03,
          5.50061798e+00, 6.61777928e-02, 9.97777939e-01, 7.71931652e-03,
          4.65341806e-02, 1.97538431e-03, -7.86726922e-03,
          9.99967098e-01, 1.21560693e-02, 0., 0., 0., 1. ]
   - !!opencv-matrix
      rows: 4
      cols: 4
      dt: f
      data: [ 9.97654617e-01, -6.84051886e-02, -2.46136216e-03,
          5.67827606e+00, 6.84237033e-02, 9.97620583e-01, 8.44679493e-03,
          5.37072420e-02, 1.87770114e-03, -8.59539956e-03,
          9.99961257e-01, 1.31705850e-02, 0., 0., 0., 1. ]
   - !!opencv-matrix
      rows: 4
      cols: 4
      dt: f
      data: [ 9.97654617e-01, -6.84051886e-02, -2.46136216e-03,
          5.67827606e+00, 6.84237033e-02, 9.97620583e-01, 8.44679493e-03,
          5.37072420e-02, 1.87770114e-03, -8.59539956e-03,
          9.99961257e-01, 1.31705850e-02, 0., 0., 0., 1. ]
   - !!opencv-matrix
      rows: 4
      cols: 4
      dt: f
      data: [ 9.97504115e-01, -7.05631450e-02, -2.53238808e-03,
          5.85485077e+00, 7.05829412e-02, 9.97466803e-01, 8.83472338e-03,
          6.11457825e-02, 1.90256676e-03, -8.99141654e-03,
          9.99957800e-01, 1.41776502e-02, 0., 0., 0., 1. ]
   - !!opencv-matrix
      rows: 4
      cols: 4
      dt: f
      data: [ 9.97236431e-01, -7.42534399e-02, -2.43793870e-03,
          6.13561630e+00, 7.42725283e-02, 9.97197449e-01, 8.99539329e-03,
          7.42644072e-02, 1.76316779e-03, -9.15160682e-03,
          9.99956608e-01, 1.57734454e-02, 0., 0., 0., 1. ]
   - !!opencv-matrix
      rows: 4
      cols: 4
      dt: f
      data: [ 9.97048140e-01, -7.67425597e-02, -2.39225337e-03,
          6.30873871e+00, 7.67610371e-02, 9.97009456e-01, 8.93838890e-03,
          8.15751553e-02, 1.69914425e-03, -9.09563527e-03,
          9.99957204e-01, 1.67607218e-02, 0., 0., 0., 1. ]
   - !!opencv-matrix
      rows: 4
      cols: 4
      dt: f
      data: [ 9.97048140e-01, -7.67425597e-02, -2.39225337e-03,
          6.30873871e+00, 7.67610371e-02, 9.97009456e-01, 8.93838890e-03,
          8.15751553e-02, 1.69914425e-03, -9.09563527e-03,
          9.99957204e-01, 1.67607218e-02, 0., 0., 0., 1. ]
   - !!opencv-matrix
      rows: 4
      cols: 4
      dt: f
      data: [ 9.96739626e-01, -8.06601197e-02, -2.02951999e-03,
          6.58627701e+00, 8.06743652e-02, 9.96705532e-01, 8.35256092e-03,
          9.54900980e-02, 1.34911481e-03, -8.48905835e-03,
          9.99963105e-01, 1.83341503e-02, 0., 0., 0., 1. ]
   - !!opencv-matrix
      rows: 4
      cols: 4
      dt: f
      data: [ 9.96525645e-01, -8.32496360e-02, -2.46495428e-03,
          6.75798416e+00, 8.32679719e-02, 9.96489823e-01, 8.62480327e-03,
          1.06061459e-01, 1.73828984e-03, -8.80009029e-03,
          9.99959767e-01, 9.29901004e-03, 0., 0., 0., 1. ]
   - !!opencv-matrix
      rows: 4
      cols: 4
      dt: f
      data: [ 9.96089160e-01, -8.83048475e-02, -2.95406766e-03,
          7.05412292e+00, 8.83297324e-02, 9.96043444e-01, 9.75709222e-03,
          1.26201868e-01, 2.08078139e-03, -9.97986458e-03,
          9.99948025e-01, 2.09556967e-02, 0., 0., 0., 1. ]
   - !!opencv-matrix
      rows: 4
      cols: 4
      dt: f
      data: [ 9.95823681e-01, -9.12382901e-02, -3.29010747e-03,
          7.24028397e+00, 9.12683308e-02, 9.95770156e-01, 1.05776200e-02,
          1.40098691e-01, 2.31110700e-03, -1.08337272e-02,
          9.99938667e-01, 2.19917595e-02, 0., 0., 0., 1. ]
   - !!opencv-matrix
      rows: 4
      cols: 4
      dt: f
      data: [ 9.95823681e-01, -9.12382901e-02, -3.29010747e-03,
          7.24028397e+00, 9.12683308e-02, 9.95770156e-01, 1.05776200e-02,
          1.40098691e-01, 2.31110700e-03, -1.08337272e-02,
          9.99938667e-01, 2.19917595e-02, 0., 0., 0., 1. ]
   - !!opencv-matrix
      rows: 4
      cols: 4
      dt: f
      data: [ 9.95363176e-01, -9.61156264e-02, -3.72450147e-03,
          7.51749420e+00, 9.61525738e-02, 9.95300174e-01, 1.14980992e-02,
          1.61936879e-01, 2.60184961e-03, -1.18029062e-02,
          9.99926925e-01, 2.35296339e-02, 0., 0., 0., 1. ]
   - !!opencv-matrix
      rows: 4
      cols: 4
      dt: f
      data: [ 9.95033383e-01, -9.94671658e-02, -3.84794781e-03,
          7.69089890e+00, 9.95052010e-02, 9.94971275e-01, 1.14428075e-02,
          1.75057411e-01, 2.69041350e-03, -1.17688663e-02,
          9.99927104e-01, 2.44939774e-02, 0., 0., 0., 1. ]
   - !!opencv-matrix
      rows: 4
      cols: 4
      dt: f
      data: [ 9.94505823e-01, -1.04586124e-01, -4.46974766e-03,
          7.96833801e+00, 1.04629755e-01, 9.94450271e-01, 1.10056018e-02,
          1.97819591e-01, 3.29390867e-03, -1.14128031e-02,
          9.99929428e-01, 2.60292739e-02, 0., 0., 0., 1. ]
   - !!opencv-matrix
      rows: 4
      cols: 4
      dt: f
      data: [ 9.94505823e-01, -1.04586124e-01, -4.46974766e-03,
          7.96833801e+00, 1.04629755e-01, 9.94450271e-01, 1.10056018e-02,
          1.97819591e-01, 3.29390867e-03, -1.14128031e-02,
          9.99929428e-01, 2.60292739e-02, 0., 0., 0., 1. ]
   - !!opencv-matrix
      rows: 4
      cols: 4
      dt: f
      data: [ 9.94156837e-01, -1.07847311e-01, -4.59752884e-03,
          8.14220428e+00, 1.07892796e-01, 9.94099736e-01, 1.11742867e-02,
          2.12788105e-01, 3.36528523e-03, -1.16050337e-02,
          9.99926984e-01, 2.69884467e-02, 0., 0., 0., 1. ]
   - !!opencv-matrix
      rows: 4
      cols: 4
      dt: f
      data: [ 9.93516505e-01, -1.13604896e-01, -4.35142685e-03,
          8.41924667e+00, 1.13649853e-01, 9.93447721e-01, 1.20575204e-02,
          2.38587976e-01, 2.95312121e-03, -1.24738831e-02,
          9.99917865e-01, 2.85085589e-02, 0., 0., 0., 1. ]
   - !!opencv-matrix
      rows: 4
      cols: 4
      dt: f
      data: [ 9.93110240e-01, -1.17104873e-01, -4.29151021e-03,
          8.59748077e+00, 1.17150955e-01, 9.93031502e-01, 1.28112445e-02,
          2.57380486e-01, 2.76134559e-03, -1.32257342e-02,
          9.99908745e-01, 2.94771940e-02, 0., 0., 0., 1. ]
   - !!opencv-matrix
      rows: 4
      cols: 4
      dt: f
      data: [ 9.93110240e-01, -1.17104873e-01, -4.29151021e-03,
          8.59748077e+00, 1.17150955e-01, 9.93031502e-01, 1.28112445e-02,
          2.57380486e-01, 2.76134559e-03, -1.32257342e-02,
          9.99908745e-01, 2.94771940e-02, 0., 0., 0., 1. ]
   - !!opencv-matrix
      rows: 4
      cols: 4
      dt: f
      data: [ 9.92442191e-01, -1.22626014e-01, -4.62141400e-03,
          8.90423965e+00, 1.22679010e-01, 9.92350101e-01, 1.38225667e-02,
          2.97446609e-01, 2.89105368e-03, -1.42850494e-02,
          9.99893844e-01, 4.11118716e-02, 0., 0., 0., 1. ]
   - !!opencv-matrix
      rows: 4
      cols: 4
      dt: f
      data: [ 9.91993606e-01, -1.26210302e-01, -4.43472434e-03,
          9.08922195e+00, 1.26262262e-01, 9.91889715e-01, 1.45765059e-02,
          3.20456147e-01, 2.55905231e-03, -1.50197390e-02,
          9.99883890e-01, 4.21023220e-02, 0., 0., 0., 1. ]
   - !!opencv-matrix
      rows: 4
      cols: 4
      dt: f
      data: [ 9.91200984e-01, -1.32303834e-01, -4.04402055e-03,
          9.37069702e+00, 1.32351488e-01, 9.91078973e-01, 1.56670026e-02,
          3.54965568e-01, 1.93513907e-03, -1.60643794e-02,
          9.99869049e-01, 4.36115712e-02, 0., 0., 0., 1. ]
   - !!opencv-matrix
      rows: 4
      cols: 4
      dt: f
      data: [ 9.90707338e-01, -1.35951594e-01, -4.02236078e-03,
          9.54632950e+00, 1.35999933e-01, 9.90571558e-01, 1.64927114e-02,
          3.77368808e-01, 1.74222584e-03, -1.68864913e-02,
          9.99855936e-01, 5.45498580e-02, 0., 0., 0., 1. ]
   - !!opencv-matrix
      rows: 4
      cols: 4
      dt: f
      data: [ 9.90707338e-01, -1.35951594e-01, -4.02236078e-03,
          9.54632950e+00, 1.35999933e-01, 9.90571558e-01, 1.64927114e-02,
          3.77368808e-01, 1.74222584e-03, -1.68864913e-02,
          9.99855936e-01, 5.45498580e-02, 0., 0., 0., 1. ]
   - !!opencv-matrix
      rows: 4
      cols: 4
      dt: f
      data: [ 9.89890397e-01, -1.41772687e-01, -4.18362673e-03,
          9.82587814e+00, 1.41824469e-01, 9.89739358e-01, 1.73720997e-02,
          4.13333058e-01, 1.67781115e-03, -1.77898146e-02,
          9.99840319e-01, 5.60415834e-02, 0., 0., 0., 1. ]
   - !!opencv-matrix
      rows: 4
      cols: 4
      dt: f
      data: [ 9.89316463e-01, -1.45729706e-01, -3.98384314e-03,
          9.99963760e+00, 1.45777956e-01, 9.89156783e-01, 1.78216454e-02,
          4.37148929e-01, 1.34350220e-03, -1.82120036e-02,
          9.99833226e-01, 5.69626540e-02, 0., 0., 0., 1. ]
   - !!opencv-matrix
      rows: 4
      cols: 4
      dt: f
      data: [ 9.88697410e-01, -1.49871141e-01, -4.00734227e-03,
          1.01723251e+01, 1.49920046e-01, 9.88524258e-01, 1.85405277e-02,
          4.61230278e-01, 1.18266465e-03, -1.89317539e-02,
          9.99820054e-01, 5.78762144e-02, 0., 0., 0., 1. ]
   - !!opencv-matrix
      rows: 4
      cols: 4
      dt: f
      data: [ 9.87689793e-01, -1.56368047e-01, -4.23994428e-03,
          1.04462624e+01, 1.56421795e-01, 9.87490416e-01, 1.98733397e-02,
          4.97597814e-01, 1.07934885e-03, -2.02919133e-02,
          9.99793530e-01, 5.93332499e-02, 0., 0., 0., 1. ]
   - !!opencv-matrix
      rows: 4
      cols: 4
      dt: f
      data: [ 9.87689793e-01, -1.56368047e-01, -4.23994428e-03,
          1.04462624e+01, 1.56421795e-01, 9.87490416e-01, 1.98733397e-02,
          4.97597814e-01, 1.07934885e-03, -2.02919133e-02,
          9.99793530e-01, 5.93332499e-02, 0., 0., 0., 1. ]
   - !!opencv-matrix
      rows: 4
      cols: 4
      dt: f
      data: [ 9.87023473e-01, -1.60518795e-01, -4.28392040e-03,
          1.06167297e+01, 1.60573691e-01, 9.86799300e-01, 2.10504532e-02,
          5.17324328e-01, 8.48376192e-04, -2.14651749e-02,
          9.99769211e-01, 6.02522641e-02, 0., 0., 0., 1. ]
   - !!opencv-matrix
      rows: 4
      cols: 4
      dt: f
      data: [ 9.85855460e-01, -1.67540878e-01, -4.36749961e-03,
          1.08872681e+01, 1.67596832e-01, 9.85603273e-01, 2.23065000e-02,
          5.53521633e-01, 5.67370560e-04, -2.27229651e-02,
          9.99741673e-01, 5.16897589e-02, 0., 0., 0., 1. ]
   - !!opencv-matrix
      rows: 4
      cols: 4
      dt: f
      data: [ 9.85106111e-01, -1.71893045e-01, -4.33400320e-03,
          1.10571823e+01, 1.71947360e-01, 9.84840274e-01, 2.28818636e-02,
          5.80247402e-01, 3.35067976e-04, -2.32862849e-02,
          9.99728799e-01, 5.25758117e-02, 0., 0., 0., 1. ]
   - !!opencv-matrix
      rows: 4
      cols: 4
      dt: f
      data: [ 9.85106111e-01, -1.71893045e-01, -4.33400320e-03,
          1.10571823e+01, 1.71947360e-01, 9.84840274e-01, 2.28818636e-02,
          5.80247402e-01, 3.35067976e-04, -2.32862849e-02,
          9.99728799e-01, 5.25758117e-02, 0., 0., 0., 1. ]
   - !!opencv-matrix
      rows: 4
      cols: 4
      dt: f
      data: [ 9.83806908e-01, -1.79179028e-01, -4.33937460e-03,
          1.13270416e+01, 1.79231495e-01, 9.83537078e-01, 2.30411086e-02,
          6.23528600e-01, 1.39451586e-04, -2.34457552e-02,
          9.99725103e-01, 6.39797896e-02, 0., 0., 0., 1. ]
   - !!opencv-matrix
      rows: 4
      cols: 4
      dt: f
      data: [ 9.82912540e-01, -1.84014991e-01, -4.62606968e-03,
          1.14963341e+01, 1.84072718e-01, 9.82653499e-01, 2.25683078e-02,
          6.52367830e-01, 3.92916147e-04, -2.30342057e-02,
          9.99734640e-01, 6.48532361e-02, 0., 0., 0., 1. ]
   - !!opencv-matrix
      rows: 4
      cols: 4
      dt: f
      data: [ 9.81470048e-01, -1.91559777e-01, -4.62643383e-03,
          1.17650146e+01, 1.91615298e-01, 9.81226683e-01, 2.18581297e-02,
          6.99833870e-01, 3.52441799e-04, -2.23395936e-02,
          9.99750376e-01, 6.62322491e-02, 0., 0., 0., 1. ]
   - !!opencv-matrix
      rows: 4
      cols: 4
      dt: f
      data: [ 9.80498552e-01, -1.96479678e-01, -4.28032782e-03,
          1.19315300e+01, 1.96526170e-01, 9.80239511e-01, 2.25385167e-02,
          7.31317520e-01, -2.32614111e-04, -2.29401775e-02,
          9.99736845e-01, 6.70781583e-02, 0., 0., 0., 1. ]
   - !!opencv-matrix
      rows: 4
      cols: 4
      dt: f
      data: [ 9.80498552e-01, -1.96479678e-01, -4.28032782e-03,
          1.19315300e+01, 1.96526170e-01, 9.80239511e-01, 2.25385167e-02,
          7.31317520e-01, -2.32614111e-04, -2.29401775e-02,
          9.99736845e-01, 6.70781583e-02, 0., 0., 0., 1. ]
   - !!opencv-matrix
      rows: 4
      cols: 4
      dt: f
      data: [ 9.78775144e-01, -2.04892009e-01, -4.29141149e-03,
          1.22071190e+01, 2.04935819e-01, 9.78485644e-01, 2.38122195e-02,
          7.74110854e-01, -6.79848250e-04, -2.41862722e-02,
          9.99707222e-01, 5.85174114e-02, 0., 0., 0., 1. ]
   - !!opencv-matrix
      rows: 4
      cols: 4
      dt: f
      data: [ 9.77674007e-01, -2.10072920e-01, -4.78602573e-03,
          1.23822517e+01, 2.10126609e-01, 9.77352977e-01, 2.50570197e-02,
          7.98542976e-01, -5.86164650e-04, -2.55032685e-02,
          9.99674559e-01, 4.94435877e-02, 0., 0., 0., 1. ]
   - !!opencv-matrix
      rows: 4
      cols: 4
      dt: f
      data: [ 9.75890696e-01, -2.18190283e-01, -5.51047968e-03,
          1.26503601e+01, 2.18259379e-01, 9.75524604e-01, 2.67299712e-02,
          8.48080099e-01, -4.56610695e-04, -2.72882432e-02,
          9.99627471e-01, 4.08102423e-02, 0., 0., 0., 1. ]
   - !!opencv-matrix
      rows: 4
      cols: 4
      dt: f
      data: [ 9.75890696e-01, -2.18190283e-01, -5.51047968e-03,
          1.26503601e+01, 2.18259379e-01, 9.75524604e-01, 2.67299712e-02,
          8.48080099e-01, -4.56610695e-04, -2.72882432e-02,
          9.99627471e-01, 4.08102423e-02, 0., 0., 0., 1. ]
   - !!opencv-matrix
      rows: 4
      cols: 4
      dt: f
      data: [ 9.74664390e-01, -2.23599136e-01, -5.72477514e-03,
          1.28139381e+01, 2.23671764e-01, 9.74280536e-01, 2.73555480e-02,
          8.81241620e-01, -5.39140310e-04, -2.79429480e-02,
          9.99609411e-01, 3.16314995e-02, 0., 0., 0., 1. ]
   - !!opencv-matrix
      rows: 4
      cols: 4
      dt: f
      data: [ 9.72647250e-01, -2.32227862e-01, -5.24665089e-03,
          1.30738373e+01, 2.32284516e-01, 9.72281933e-01, 2.66759936e-02,
          9.34792697e-01, -1.09368423e-03, -2.71650478e-02,
          9.99630332e-01, 3.29330564e-02, 0., 0., 0., 1. ]
   - !!opencv-matrix
      rows: 4
      cols: 4
      dt: f
      data: [ 9.71459091e-01, -2.37156123e-01, -4.91713081e-03,
          1.32362747e+01, 2.37203419e-01, 9.71120715e-01, 2.56735999e-02,
          9.68262196e-01, -1.31352386e-03, -2.61072125e-02,
          9.99658287e-01, 3.37465405e-02, 0., 0., 0., 1. ]
   - !!opencv-matrix
      rows: 4
      cols: 4
      dt: f
      data: [ 9.71459091e-01, -2.37156123e-01, -4.91713081e-03,
          1.32362747e+01, 2.37203419e-01, 9.71120715e-01, 2.56735999e-02,
          9.68262196e-01, -1.31352386e-03, -2.61072125e-02,
          9.99658287e-01, 3.37465405e-02, 0., 0., 0., 1. ]
   - !!opencv-matrix
      rows: 4
      cols: 4
      dt: f
      data: [ 9.69514906e-01, -2.44978711e-01, -5.13033476e-03,
          1.34951553e+01, 2.45029792e-01, 9.69195366e-01, 2.49146335e-02,
          1.02696443e+00, -1.13125704e-03, -2.54121944e-02,
          9.99676406e-01, 3.50203216e-02, 0., 0., 0., 1. ]
   - !!opencv-matrix
      rows: 4
      cols: 4
      dt: f
      data: [ 9.68148708e-01, -2.50314415e-01, -5.54786902e-03,
          1.36551056e+01, 2.50373542e-01, 9.67805088e-01, 2.58131251e-02,
          1.06395984e+00, -1.09214196e-03, -2.63799820e-02,
          9.99651432e-01, 2.58039385e-02, 0., 0., 0., 1. ]
   - !!opencv-matrix
      rows: 4
      cols: 4
      dt: f
      data: [ 9.65809464e-01, -2.59180158e-01, -6.14773296e-03,
          1.39258995e+01, 2.59250283e-01, 9.65418220e-01, 2.75138449e-02,
          1.12462795e+00, -1.19590946e-03, -2.81669348e-02,
          9.99602556e-01, 2.71393806e-02, 0., 0., 0., 1. ]
   - !!opencv-matrix
      rows: 4
      cols: 4
      dt: f
      data: [ 9.64392543e-01, -2.64393657e-01, -6.55132253e-03,
          1.40956039e+01, 2.64472604e-01, 9.63986695e-01, 2.79967058e-02,
          1.16412008e+00, -1.08676404e-03, -2.87324637e-02,
          9.99586523e-01, 1.79698467e-02, 0., 0., 0., 1. ]
   - !!opencv-matrix
      rows: 4
      cols: 4
      dt: f
      data: [ 9.64392543e-01, -2.64393657e-01, -6.55132253e-03,
          1.40956039e+01, 2.64472604e-01, 9.63986695e-01, 2.79967058e-02,
          1.16412008e+00, -1.08676404e-03, -2.87324637e-02,
          9.99586523e-01, 1.79698467e-02, 0., 0., 0., 1. ]
   - !!opencv-matrix
      rows: 4
      cols: 4
      dt: f
      data: [ 9.62024212e-01, -2.72875875e-01, -6.94165844e-03,
          1.43526840e+01, 2.72961825e-01, 9.61598814e-01, 2.86276266e-02,
          1.22912049e+00, -1.13669829e-03, -2.94352770e-02,
          9.99566019e-01, 9.20601189e-03, 0., 0., 0., 1. ]
   - !!opencv-matrix
      rows: 4
      cols: 4
      dt: f
      data: [ 9.60489392e-01, -2.78220087e-01, -7.32442457e-03,
          1.45134926e+01, 2.78314859e-01, 9.60062265e-01, 2.86587421e-02,
          1.26985455e+00, -9.41534527e-04, -2.95649134e-02,
          9.99562442e-01, 9.97908413e-03, 0., 0., 0., 1. ]
   - !!opencv-matrix
      rows: 4
      cols: 4
      dt: f
      data: [ 9.58033741e-01, -2.86549121e-01, -7.80618936e-03,
          1.47692680e+01, 2.86654949e-01, 9.57625687e-01, 2.79636681e-02,
          1.33912444e+00, -5.37557527e-04, -2.90278196e-02,
          9.99578476e-01, 1.11897439e-02, 0., 0., 0., 1. ]
   - !!opencv-matrix
      rows: 4
      cols: 4
      dt: f
      data: [ 9.58033741e-01, -2.86549121e-01, -7.80618936e-03,
          1.47692680e+01, 2.86654949e-01, 9.57625687e-01, 2.79636681e-02,
          1.33912444e+00, -5.37557527e-04, -2.90278196e-02,
          9.99578476e-01, 1.11897439e-02, 0., 0., 0., 1. ]
   - !!opencv-matrix
      rows: 4
      cols: 4
      dt: f
      data: [ 9.56392229e-01, -2.91980445e-01, -7.82632176e-03,
          1.49286575e+01, 2.92084813e-01, 9.55998182e-01, 2.74582952e-02,
          1.38311899e+00, -5.35334926e-04, -2.85468511e-02,
          9.99592304e-01, 1.94039941e-03, 0., 0., 0., 1. ]
   - !!opencv-matrix
      rows: 4
      cols: 4
      dt: f
      data: [ 9.53576148e-01, -3.01041067e-01, -8.18415917e-03,
          1.51842766e+01, 3.01151723e-01, 9.53170419e-01, 2.78161392e-02,
          1.45635056e+00, -5.72901685e-04, -2.89894789e-02,
          9.99579549e-01, 3.13332677e-03, 0., 0., 0., 1. ]
   - !!opencv-matrix
      rows: 4
      cols: 4
      dt: f
      data: [ 9.51745212e-01, -3.06765974e-01, -8.69505759e-03,
          1.53458824e+01, 3.06888819e-01, 9.51320469e-01, 2.84343995e-02,
          1.50469995e+00, -4.50919848e-04, -2.97307223e-02,
          9.99557853e-01, -6.12141192e-03, 0., 0., 0., 1. ]
   - !!opencv-matrix
      rows: 4
      cols: 4
      dt: f
      data: [ 9.51745212e-01, -3.06765974e-01, -8.69505759e-03,
          1.53458824e+01, 3.06888819e-01, 9.51320469e-01, 2.84343995e-02,
          1.50469995e+00, -4.50919848e-04, -2.97307223e-02,
          9.99557853e-01, -6.12141192e-03, 0., 0., 0., 1. ]
   - !!opencv-matrix
      rows: 4
      cols: 4
      dt: f
      data: [ 9.48678792e-01, -3.16115588e-01, -8.91650841e-03,
          1.56164665e+01, 3.16240191e-01, 9.48223352e-01, 2.94040442e-02,
          1.58799076e+00, -8.40235036e-04, -3.07147503e-02,
          9.99527872e-01, 5.11714816e-03, 0., 0., 0., 1. ]
   - !!opencv-matrix
      rows: 4
      cols: 4
      dt: f
      data: [ 9.46707249e-01, -3.21976990e-01, -8.73271283e-03,
          1.57823906e+01, 3.22092563e-01, 9.46237445e-01, 2.98503190e-02,
          1.64020646e+00, -1.34789664e-03, -3.10722552e-02,
          9.99516249e-01, 5.87162375e-03, 0., 0., 0., 1. ]
   - !!opencv-matrix
      rows: 4
      cols: 4
      dt: f
      data: [ 9.43467677e-01, -3.31334144e-01, -9.29785240e-03,
          1.60397224e+01, 3.31461698e-01, 9.42970514e-01, 3.06543559e-02,
          1.72474945e+00, -1.38923479e-03, -3.20032761e-02,
          9.99486804e-01, -2.97363102e-03, 0., 0., 0., 1. ]
   - !!opencv-matrix
      rows: 4
      cols: 4
      dt: f
      data: [ 9.41260338e-01, -3.37538332e-01, -9.84923448e-03,
          1.61994057e+01, 3.37679863e-01, 9.40751731e-01, 3.09592262e-02,
          1.77948189e+00, -1.18424045e-03, -3.24665792e-02,
          9.99472141e-01, -2.26651132e-03, 0., 0., 0., 1. ]
   - !!opencv-matrix
      rows: 4
      cols: 4
      dt: f
      data: [ 9.41260338e-01, -3.37538332e-01, -9.84923448e-03,
          1.61994057e+01, 3.37679863e-01, 9.40751731e-01, 3.09592262e-02,
          1.77948189e+00, -1.18424045e-03, -3.24665792e-02,
          9.99472141e-01, -2.26651132e-03, 0., 0., 0., 1. ]
   - !!opencv-matrix
      rows: 4
      cols: 4
      dt: f
      data: [ 9.37605619e-01, -3.47548485e-01, -1.02811698e-02,
          1.64541893e+01, 3.47698838e-01, 9.37098265e-01, 3.08607705e-02,
          1.86759353e+00, -1.09114824e-03, -3.25099826e-02,
          9.99470770e-01, -1.11418664e-02, 0., 0., 0., 1. ]
   - !!opencv-matrix
      rows: 4
      cols: 4
      dt: f
      data: [ 9.35235858e-01, -3.53879482e-01, -1.01564843e-02,
          1.66121750e+01, 3.54023278e-01, 9.34751272e-01, 3.01249530e-02,
          1.92470479e+00, -1.16681680e-03, -3.17695700e-02,
          9.99494553e-01, -1.04548335e-02, 0., 0., 0., 1. ]
   - !!opencv-matrix
      rows: 4
      cols: 4
      dt: f
      data: [ 9.31356430e-01, -3.63969445e-01, -1.00683328e-02,
          1.68654327e+01, 3.64107192e-01, 9.30917442e-01, 2.86100954e-02,
          2.01616168e+00, -1.04041351e-03, -3.03121470e-02,
          9.99539971e-01, -9.35307145e-03, 0., 0., 0., 1. ]
   - !!opencv-matrix
      rows: 4
      cols: 4
      dt: f
      data: [ 9.31356430e-01, -3.63969445e-01, -1.00683328e-02,
          1.68654327e+01, 3.64107192e-01, 9.30917442e-01, 2.86100954e-02,
          2.01616168e+00, -1.04041351e-03, -3.03121470e-02,
          9.99539971e-01, -9.35307145e-03, 0., 0., 0., 1. ]
   - !!opencv-matrix
      rows: 4
      cols: 4
      dt: f
      data: [ 9.28811312e-01, -3.70423377e-01, -9.80385020e-03,
          1.70339661e+01, 3.70551378e-01, 9.28402066e-01, 2.75888015e-02,
          2.07462287e+00, -1.11762108e-03, -2.92576198e-02,
          9.99571264e-01, 1.39053166e-03, 0., 0., 0., 1. ]
   - !!opencv-matrix
      rows: 4
      cols: 4
      dt: f
      data: [ 9.24614549e-01, -3.80781382e-01, -9.67138913e-03,
          1.73108521e+01, 3.80902112e-01, 9.24226344e-01, 2.68186033e-02,
          2.17013884e+00, -1.27347279e-03, -2.84807235e-02,
          9.99593496e-01, 3.26148272e-02, 0., 0., 0., 1. ]
   - !!opencv-matrix
      rows: 4
      cols: 4
      dt: f
      data: [ 9.21912849e-01, -3.87279451e-01, -9.55406763e-03,
          1.74742279e+01, 3.87393832e-01, 9.21520472e-01, 2.69452147e-02,
          2.23085093e+00, -1.63106015e-03, -2.85423286e-02,
          9.99591231e-01, 4.33185548e-02, 0., 0., 0., 1. ]
   - !!opencv-matrix
      rows: 4
      cols: 4
      dt: f
      data: [ 9.21912849e-01, -3.87279451e-01, -9.55406763e-03,
          1.74742279e+01, 3.87393832e-01, 9.21520472e-01, 2.69452147e-02,
          2.23085093e+00, -1.63106015e-03, -2.85423286e-02,
          9.99591231e-01, 4.33185548e-02, 0., 0., 0., 1. ]
   - !!opencv-matrix
      rows: 4
      cols: 4
      dt: f
      data: [ 9.17465985e-01, -3.97698849e-01, -9.57838353e-03,
          1.77278366e+01, 3.97809058e-01, 9.17066216e-01, 2.71551274e-02,
          2.33300352e+00, -2.01555155e-03, -2.87242793e-02,
          9.99585390e-01, 4.43769842e-02, 0., 0., 0., 1. ]
   - !!opencv-matrix
      rows: 4
      cols: 4
      dt: f
      data: [ 9.12858188e-01, -4.08145517e-01, -1.03526823e-02,
          1.79809914e+01, 4.08273190e-01, 9.12449658e-01, 2.73598768e-02,
          2.43823552e+00, -1.72051089e-03, -2.92024128e-02,
          9.99572039e-01, 5.54200262e-02, 0., 0., 0., 1. ]
   - !!opencv-matrix
      rows: 4
      cols: 4
      dt: f
      data: [ 9.09920692e-01, -4.14653897e-01, -1.03210229e-02,
          1.81393318e+01, 4.14778113e-01, 9.09517527e-01, 2.71485467e-02,
          2.50604248e+00, -1.87009899e-03, -2.89839581e-02,
          9.99578118e-01, 5.60637563e-02, 0., 0., 0., 1. ]
   - !!opencv-matrix
      rows: 4
      cols: 4
      dt: f
      data: [ 9.09920692e-01, -4.14653897e-01, -1.03210229e-02,
          1.81393318e+01, 4.14778113e-01, 9.09517527e-01, 2.71485467e-02,
          2.50604248e+00, -1.87009899e-03, -2.89839581e-02,
          9.99578118e-01, 5.60637563e-02, 0., 0., 0., 1. ]
   - !!opencv-matrix
      rows: 4
      cols: 4
      dt: f
      data: [ 9.05179322e-01, -4.24904108e-01, -1.03422301e-02,
          1.83941460e+01, 4.25023466e-01, 9.04763401e-01, 2.75359564e-02,
          2.61770058e+00, -2.34286929e-03, -2.93206684e-02,
          9.99567330e-01, 5.70889562e-02, 0., 0., 0., 1. ]
   - !!opencv-matrix
      rows: 4
      cols: 4
      dt: f
      data: [ 9.01971638e-01, -4.31667805e-01, -1.04885688e-02,
          1.85531693e+01, 4.31787789e-01, 9.01547730e-01, 2.77667195e-02,
          2.68827939e+00, -2.53005279e-03, -2.95736268e-02,
          9.99559402e-01, 5.77249974e-02, 0., 0., 0., 1. ]
   - !!opencv-matrix
      rows: 4
      cols: 4
      dt: f
      data: [ 9.01971638e-01, -4.31667805e-01, -1.04885688e-02,
          1.85531693e+01, 4.31787789e-01, 9.01547730e-01, 2.77667195e-02,
          2.68827939e+00, -2.53005279e-03, -2.95736268e-02,
          9.99559402e-01, 5.77249974e-02, 0., 0., 0., 1. ]
   - !!opencv-matrix
      rows: 4
      cols: 4
      dt: f
      data: [ 8.96837831e-01, -4.42223638e-01, -1.09564848e-02,
          1.88134232e+01, 4.42351133e-01, 8.96395385e-01, 2.82971319e-02,
          2.80349612e+00, -2.69231712e-03, -3.02245524e-02,
          9.99539495e-01, 5.87671250e-02, 0., 0., 0., 1. ]
   - !!opencv-matrix
      rows: 4
      cols: 4
      dt: f
      data: [ 8.91524911e-01, -4.52821970e-01, -1.16452128e-02,
          1.90713615e+01, 4.52963024e-01, 8.91054034e-01, 2.91063506e-02,
          2.92320538e+00, -2.80348025e-03, -3.12238857e-02,
          9.99508500e-01, 5.97765893e-02, 0., 0., 0., 1. ]
   - !!opencv-matrix
      rows: 4
      cols: 4
      dt: f
      data: [ 8.87980044e-01, -4.59731221e-01, -1.17734205e-02,
          1.92308426e+01, 4.59873229e-01, 8.87514174e-01, 2.88978927e-02,
          3.00056028e+00, -2.83618574e-03, -3.10750343e-02,
          9.99513030e-01, 7.03868121e-02, 0., 0., 0., 1. ]
   - !!opencv-matrix
      rows: 4
      cols: 4
      dt: f
      data: [ 8.87980044e-01, -4.59731221e-01, -1.17734205e-02,
          1.92308426e+01, 4.59873229e-01, 8.87514174e-01, 2.88978927e-02,
          3.00056028e+00, -2.83618574e-03, -3.10750343e-02,
          9.99513030e-01, 7.03868121e-02, 0., 0., 0., 1. ]
   - !!opencv-matrix
      rows: 4
      cols: 4
      dt: f
      data: [ 8.82254601e-01, -4.70639378e-01, -1.12017933e-02,
          1.94869194e+01, 4.70760345e-01, 8.81809592e-01, 2.82224175e-02,
          3.12661028e+00, -3.40473256e-03, -3.01727168e-02,
          9.99538898e-01, 7.13584274e-02, 0., 0., 0., 1. ]
   - !!opencv-matrix
      rows: 4
      cols: 4
      dt: f
      data: [ 8.78655076e-01, -4.77331609e-01, -1.09431613e-02,
          1.96462975e+01, 4.77443695e-01, 8.78227890e-01, 2.76265182e-02,
          3.20788455e+00, -3.57642188e-03, -2.94989273e-02,
          9.99558389e-01, 7.19511658e-02, 0., 0., 0., 1. ]
   - !!opencv-matrix
      rows: 4
      cols: 4
      dt: f
      data: [ 8.72534931e-01, -4.88429993e-01, -1.09047648e-02,
          1.99019852e+01, 4.88536209e-01, 8.72112393e-01, 2.74277572e-02,
          3.34189987e+00, -3.88635928e-03, -2.92590503e-02,
          9.99564290e-01, 8.28869790e-02, 0., 0., 0., 1. ]
   - !!opencv-matrix
      rows: 4
      cols: 4
      dt: f
      data: [ 8.72534931e-01, -4.88429993e-01, -1.09047648e-02,
          1.99019852e+01, 4.88536209e-01, 8.72112393e-01, 2.74277572e-02,
          3.34189987e+00, -3.88635928e-03, -2.92590503e-02,
          9.99564290e-01, 8.28869790e-02, 0., 0., 0., 1. ]
   - !!opencv-matrix
      rows: 4
      cols: 4
      dt: f
      data: [ 8.66134822e-01, -4.99686837e-01, -1.11152595e-02,
          2.01551819e+01, 4.99787956e-01, 8.65670741e-01, 2.87416484e-02,
          3.47944117e+00, -4.73967008e-03, -3.04494165e-02,
          9.99525070e-01, 8.37929100e-02, 0., 0., 0., 1. ]
   - !!opencv-matrix
      rows: 4
      cols: 4
      dt: f
      data: [ 8.62093985e-01, -5.06621540e-01, -1.13337561e-02,
          2.03275490e+01, 5.06723046e-01, 8.61612380e-01, 2.92525124e-02,
          3.57117867e+00, -5.05464757e-03, -3.09614930e-02,
          9.99507785e-01, 6.44171685e-02, 0., 0., 0., 1. ]
   - !!opencv-matrix
      rows: 4
      cols: 4
      dt: f
      data: [ 8.57917309e-01, -5.13655663e-01, -1.16488561e-02,
          2.05000954e+01, 5.13762176e-01, 8.57427895e-01, 2.94254981e-02,
          3.66388202e+00, -5.12652053e-03, -3.12293861e-02,
          9.99499142e-01, 5.50385863e-02, 0., 0., 0., 1. ]
   - !!opencv-matrix
      rows: 4
      cols: 4
      dt: f
      data: [ 8.57917309e-01, -5.13655663e-01, -1.16488561e-02,
          2.05000954e+01, 5.13762176e-01, 8.57427895e-01, 2.94254981e-02,
          3.66388202e+00, -5.12652053e-03, -3.12293861e-02,
          9.99499142e-01, 5.50385863e-02, 0., 0., 0., 1. ]
   - !!opencv-matrix
      rows: 4
      cols: 4
      dt: f
      data: [ 8.51008654e-01, -5.25015235e-01, -1.19744670e-02,
          2.07593117e+01, 5.25124431e-01, 8.50510657e-01, 2.95979679e-02,
          3.81167316e+00, -5.35497162e-03, -3.14762108e-02,
          9.99490142e-01, 4.59362119e-02, 0., 0., 0., 1. ]
   - !!opencv-matrix
      rows: 4
      cols: 4
      dt: f
      data: [ 8.46532762e-01, -5.32194853e-01, -1.22848339e-02,
          2.09171181e+01, 5.32306790e-01, 8.46015394e-01, 3.01239453e-02,
          3.90509796e+00, -5.63865155e-03, -3.20402086e-02,
          9.99470651e-01, 4.64681834e-02, 0., 0., 0., 1. ]
   - !!opencv-matrix
      rows: 4
      cols: 4
      dt: f
      data: [ 8.39007616e-01, -5.43992639e-01, -1.17539279e-02,
          2.11659660e+01, 5.44082701e-01, 8.38502944e-01, 2.97787432e-02,
          4.05743408e+00, -6.34371396e-03, -3.13797034e-02,
          9.99487400e-01, 4.72858399e-02, 0., 0., 0., 1. ]
   - !!opencv-matrix
      rows: 4
      cols: 4
      dt: f
      data: [ 8.34303677e-01, -5.51182806e-01, -1.16135208e-02,
          2.13210564e+01, 5.51262081e-01, 8.33790064e-01, 3.00694332e-02,
          4.15346050e+00, -6.89051580e-03, -3.14891338e-02,
          9.99480307e-01, 3.77904624e-02, 0., 0., 0., 1. ]
   - !!opencv-matrix
      rows: 4
      cols: 4
      dt: f
      data: [ 8.34303677e-01, -5.51182806e-01, -1.16135208e-02,
          2.13210564e+01, 5.51262081e-01, 8.33790064e-01, 3.00694332e-02,
          4.15346050e+00, -6.89051580e-03, -3.14891338e-02,
          9.99480307e-01, 3.77904624e-02, 0., 0., 0., 1. ]
   - !!opencv-matrix
      rows: 4
      cols: 4
      dt: f
      data: [ 8.26837599e-01, -5.62335074e-01, -1.09047797e-02,
          2.15667381e+01, 5.62385440e-01, 8.26328874e-01, 3.00534181e-02,
          4.31147861e+00, -7.88915716e-03, -3.09819877e-02,
          9.99488771e-01, 3.85653824e-02, 0., 0., 0., 1. ]
   - !!opencv-matrix
      rows: 4
      cols: 4
      dt: f
